0 5.8 0.29 0
0.01 5.79833954336443 0.291245283166181 0.000415173469387755
0.0244295254783515 5.79593186257706 0.293050746714497 0.00101739070843913
0.042568584548633 5.79288548092199 0.295334798775425 0.00177972030258976
0.0634827026316456 5.78934559121044 0.297988359499512 0.00266604929004595
0.0863235132332422 5.78544577734905 0.300911098043013 0.00364312460794132
0.110433397017457 5.78129069758491 0.30402442236407 0.00468488005101968
0.135344383376302 5.77695560563506 0.30727182824582 0.00577256611911872
0.160739766139855 5.77249197721195 0.310614667357307 0.00689335543073887
0.186411748916553 5.76793396400279 0.314027297195754 0.0080387388014598
0.212226716469815 5.7633037832591 0.317493032530402 0.00920318421049478
0.238099977801562 5.75861569195034 0.321001161003362 0.0103831470463028
0.263978488248213 5.75387873899092 0.32454487690286 0.0115763841062238
0.289829429615782 5.74909860556529 0.328119899904667 0.012781494530038
0.315632813891619 5.74427881055292 0.331723570569449 0.0139976188776293
0.341376751533444 5.73942149027018 0.33535426540278 0.0152242443270406
0.367054447327674 5.73452789896913 0.339011021488345 0.0164610795425273
0.392662302135686 5.72959872854086 0.342693296773041 0.0177079746861026
0.418198717063564 5.72463431209977 0.346400817454046 0.0189648704461871
0.443663341635316 5.71963475335973 0.350133481015404 0.0202317656248658
0.469056601773756 5.71460000873449 0.353891294707808 0.0215086965577006
0.494379403777935 5.70952993937977 0.35767433655737 0.0227957240628608
0.519632948866346 5.70442434414809 0.36148273067653 0.0240929251753792
0.544818617125904 5.69928298043271 0.365316631647121 0.0254003879201673
0.56993789500635 5.69410557733091 0.369176214655189 0.0267182080138999
0.59499233012515 5.68889184393763 0.373061669271365 0.0280464867910062
0.619983503195905 5.68364147455192 0.376973195541564 0.0293853299065118
0.644913010690432 5.67835415192609 0.380911001541888 0.0307348465320201
0.669782454227387 5.67302954927336 0.384875301861726 0.032095148864915
0.694593434175058 5.66766733148769 0.38886631667558 0.0334663518367267
0.719347545893299 5.66226715586297 0.39288427118866 0.0348485729483695
0.744046377627503 5.65682867249336 0.396929395320183 0.0362419321864545
0.768691509435981 5.65135152447006 0.401001923538275 0.0376465519916704
0.793284512763292 5.64583534794712 0.405102094791999 0.0390625572608815
0.817826950416861 5.64027977212257 0.409230152506088 0.0404900753713388
0.84232037679507 5.6346844191637 0.413386344616622 0.0419292362196836
0.866766338271936 5.62904890409491 0.417570923633958 0.0433801722711368
0.891166373679176 5.62337283465973 0.421784146724279 0.0448430186159888
0.915522014848819 5.61765581116405 0.426026275804358 0.0463179130315978
0.939834787193552 5.61189742630501 0.430297577646197 0.0478049960487991
0.964106210310797 5.60609726498847 0.434598323989459 0.0493044110220679
0.988337798602005 5.60025490413646 0.438928791660475 0.0508163042030627
1.01253106190213 5.59436991248555 0.443289262697095 0.0523408248173544
1.03668750611638 5.58844185037673 0.44768002447901 0.0538781251442642
1.06080863386287 5.58247026953679 0.452101369863396 0.0554283605998102
1.08489594512026 5.57645471285136 0.456553597325831 0.0569916898228122
1.10895093788068 5.57039471412919 0.461037011106576 0.0585682747642397
1.1329751088078 5.56428979785774 0.465551921362351 0.060158280779913
1.15696995390084 5.55813947894953 0.470098644323781 0.0617618767266875
1.18093696916494 5.55194326247901 0.474677502458725 0.0633792350622631
1.20487765128884 5.54570064340949 0.479288824641732 0.0650105319487779
1.22879349833045 5.53941110630976 0.483932946329885 0.0666559473603533
1.25268601041147 5.53307412505992 0.488610209745312 0.0683156651947723
1.27655669042171 5.52668916254585 0.493320964064672 0.0699898733894831
1.30040704473436 5.52025567034194 0.498065565615934 0.071678764042129
1.32423858393306 5.51377308838139 0.502844378082791 0.073382533535824
1.34805282355187 5.50724084461353 0.507657772717074 0.0751013826693988
1.37185128482937 5.50065835464759 0.512506128559548 0.0768355167928612
1.39563549547792 5.49402502138219 0.517389832669489 0.0785851459483254
1.41940699046942 5.48734023461983 0.522309280363485 0.0803504850166824
1.44316731283877 5.48060337066579 0.527264875463909 0.0821317538702974
1.46691801450648 5.47381379191042 0.532257030557546 0.0839291775320397
1.49066065712168 5.46697084639415 0.537286167264886 0.0857429863409679
1.51439681292723 5.46007386735435 0.542352716520637 0.0875734161250116
1.53812806564826 5.45312217275297 0.547457118866014 0.0894207083810153
1.561856011406 5.44611506478403 0.552599824753437 0.0912851104625294
1.58558225965847 5.43905182935996 0.557781294864277 0.0931668757757596
1.60930843416997 5.43193173557555 0.563002000440343 0.095066263984111
1.63303617401122 5.42475403514836 0.568262423629848 0.0969835412217918
1.65676713459235 5.41751796183439 0.573563057848638 0.0989189803169708
1.68050298873067 5.41022273081747 0.57890440815751 0.100872861025017
1.70424542775578 5.40286753807109 0.584286991656528 0.102845470272383
1.72799616265435 5.39545155969102 0.589711337897254 0.104837102411726
1.75175692525711 5.38797395119714 0.595177989313935 0.10684805948892
1.77552946947096 5.38043384680266 0.600687501674713 0.108878651522624
1.79931557255907 5.37283035864884 0.606240444554007 0.110929196797153
1.82311703647213 5.36516257600326 0.611837401827316 0.113000022169422
1.8469356892341 5.35742956441944 0.617478972189751 0.115091463390805
1.87077338638609 5.34963036485548 0.623165769699716 0.117203865444806
1.89463201249214 5.34176399274925 0.628898424349254 0.119337582901491
1.91851348271111 5.3338294370476 0.634677582662678 0.121492980289725
1.94241974443899 5.32582565918644 0.640503908325244 0.123670432488313
1.96635277902642 5.31775159201905 0.646378082843719 0.125870325137231
1.99031460357642 5.30960613868888 0.652300806240887 0.12809305507023
2.01430727282795 5.30138817144369 0.658272797786128 0.130339030770179
2.03833288113089 5.29309653038693 0.664294796764432 0.132608672848636
2.06239356451908 5.28473002216242 0.670367563286341 0.13490241455124
2.08649150288798 5.2762874185678 0.676491879141554 0.137220702290647
2.1106289222844 5.26776745509204 0.682668548699101 0.139563996208861
2.13480809731635 5.25916882937175 0.688898399857264 0.141932770770986
2.15903135369132 5.25049019956076 0.695182285046676 0.144327515392564
2.18330107089261 5.24173018260687 0.701521082290286 0.146748735102849
2.20761968500355 5.23288735242919 0.707915696324224 0.149196951246588
2.23198969169065 5.22396023798901 0.714367059783923 0.151672702227063
2.2564136493575 5.21494732124636 0.720876134460228 0.154176544293413
2.28089418248244 5.20584703499385 0.727443912630637 0.156709052375511
2.30543398515387 5.19665776055874 0.7340714184713 0.159270820969955
2.33003582481864 5.18737782536308 0.74075970955585 0.161862465081067
2.35470254626027 5.17800550033112 0.747509878447751 0.164484621221131
2.37943707582511 5.16853899713205 0.754323054393442 0.167137948474505
2.40424242591656 5.1589764652451 0.761200405124215 0.169823129630684
2.42912169977912 5.14931598883259 0.768143138775563 0.172540872391846
2.45407809659639 5.13955558340546 0.775152505933554 0.175291910660988
2.4791149169292 5.12969319226397 0.782229801818706 0.178077005917321
2.50423556852308 5.1197266826948 0.789376368618917 0.180896948686287
2.52944357251679 5.10965384190356 0.796593597984148 0.183752560112288
2.55474257008725 5.09947237266008 0.803882933696865 0.186644693643057
2.58013632956983 5.08917988863076 0.811245874533701 0.189574236835538
2.60562875409685 5.07877390937035 0.818683977335465 0.192542113294184
2.63122388980232 5.06825185494182 0.82619886030443 0.195549284753756
2.65692593464558 5.05761104012999 0.833792206549951 0.198596753320064
2.68273924791302 5.04684866821067 0.841465767905785 0.201685563883544
2.70866836046339 5.03596182423254 0.849221369045154 0.204816806722307
2.73471798578997 5.02494746776422 0.857060911922587 0.207991620313195
2.76089303198158 5.01380242505339 0.864986380575029 0.21121119437158
2.78719861467425 5.00252338053833 0.872999846318556 0.214476773143118
2.81364007109653 4.99110686764496 0.881103473381514 0.217789658973531
2.84022297532448 4.9795492587943 0.889299525019972 0.221151216185726
2.86695315487716 4.9678467545355 0.897590370167201 0.224562875297302
2.89383670880027 4.9559953717086 0.905978490675614 0.228026137615783
2.92086162944935 4.94399912540075 0.914460697745563 0.231540176853693
2.94795448189292 4.93188973615644 0.923014246921918 0.235096016921643
2.97506947842185 4.91968735328789 0.931624640310321 0.238688006401793
3.00217843013873 4.90740470111474 0.940282665689025 0.24231263319624
3.02926428052882 4.89504976840213 0.948982477729797 0.245967753868075
3.05631698638746 4.88262753490135 0.957720367335524 0.249652097763132
3.08333091053167 4.87014107265595 0.96649397735889 0.253364949985167
3.1103031779806 4.85759224567046 0.975301804792916 0.25710594953663
3.13723264220815 4.84498215328082 0.984142885594235 0.260874961124945
3.16411923614969 4.83231141064827 0.993016595457404 0.264671993894332
3.19096356525313 4.81958032601602 1.00192252401203 0.268497149971949
3.21776665255642 4.80678901263968 1.01086039543472 0.272350591925595
3.2445297791557 4.79393745942501 1.0198300183703 0.276232522204688
3.27125438448824 4.78102557548332 1.0288312543472 0.28014317016948
3.29794200410644 4.76805321821977 1.03786399785672 0.284082783923512
3.32459423094349 4.75502021102837 1.04692816378576 0.288051625185873
3.35121269129571 4.74192635442874 1.05602367948406 0.292049966087203
3.37779903002282 4.72877143306486 1.0651504797518 0.296078087183348
3.40435490152093 4.71555522009317 1.07430850366673 0.300136276240109
3.43088196431044 4.70227747992343 1.0834976925699 0.304224827506678
3.45738187788712 4.68893796991995 1.09271798878079 0.308344041299265
3.48385630099011 4.67553644144653 1.1019693347714 0.312494223782074
3.51030689075702 4.66207264049654 1.11125167262909 0.316675686874367
3.5367353024344 4.6485463080607 1.12056494370069 0.320888748238612
3.56314318943624 4.63495718032828 1.12990908835042 0.325133731321297
3.58953220362081 4.62130498878244 1.13928404578901 0.329410965428551
3.61590399570485 4.60758946022759 1.14868975394712 0.333720785825295
3.64226021576465 4.59381031677284 1.15812614937628 0.338063533850878
3.66860251379283 4.57996727578659 1.1675931671666 0.342439557046817
3.69493254029119 4.56606004983162 1.17709074087448 0.346849209293908
3.72125194688798 4.55208834658671 1.18661880245621 0.351292850957082
3.74756238697238 4.53805186875833 1.19617728220465 0.355770849037016
3.77386551634187 4.52395031398476 1.20576610868727 0.360283577327979
3.80016299386024 4.50978337473391 1.21538520868446 0.364831416581632
3.82645648212495 4.4955507381958 1.2250345071275 0.369414754676712
3.85274764814347 4.48125208616993 1.23471392703546 0.374033986794613
3.87903816401853 4.46688709494801 1.24442338945101 0.378689515600985
3.90532970764261 4.45245543519184 1.25416281337466 0.383381751433504
3.93162396340219 4.43795677180661 1.26393211569738 0.388111112496014
3.95792262289238 4.42339076380931 1.27373121113143 0.392878025059263
3.98422738564267 4.40875706419221 1.2835600121393 0.397682923668495
4.01053995985464 4.39405531978124 1.29341842886061 0.402526251358157
4.03686206315244 4.37928517108909 1.30330636903691 0.40740845987401
4.06319542334695 4.36444625216276 1.31322373793428 0.412330009902964
4.08954177921468 4.34953819042547 1.3231704382636 0.417291371310939
4.11590288129222 4.33456060651251 1.33314637009838 0.422293023389111
4.14228049268748 4.31951311410096 1.34315143079015 0.427335455108898
4.16867638990867 4.30439531973284 1.35318551488111 0.43241916538606
4.19509236371225 4.28920682263155 1.36324851401414 0.437544663354312
4.22153021997091 4.27394721451122 1.3733403168399 0.44271246864888
4.247991780563 4.25861607937863 1.38346080892095 0.447923111700425
4.27447888428451 4.24321299332742 1.39360987263276 0.453177134039821
4.30099338778512 4.22773752432429 1.40378738706146 0.458475088614256
4.32753716652956 4.21218923198661 1.4139932278982 0.463817540115194
4.35411211578601 4.19656766735127 1.42422726733001 0.46920506531873
4.38072015164282 4.18087237263425 1.43448937392683 0.47463825343892
4.40736321205541 4.16510288098048 1.44477941252484 0.480117706494693
4.43404325792495 4.14925871620344 1.45509724410557 0.48564403969099
4.46076227421068 4.13333939251428 1.46544272567093 0.491217881814801
4.48752227107777 4.11734441423951 1.47581571011367 0.496839875646828
4.5143252850827 4.10127327552714 1.48621604608334 0.502510678389523
4.54117338039836 4.0851254600404 1.49664357784729 0.508230962112316
4.56806865008096 4.0689004406385 1.50709814514664 0.514001414214866
4.5950132173813 4.05259767904384 1.51757958304691 0.519822737909256
4.62200923710275 4.03621662549484 1.5280877217831 0.525695652722068
4.64905889700864 4.01975671838379 1.53862238659884 0.531620895017367
4.67616441928189 4.00321738387882 1.54918339757954 0.537599218541648
4.7033280620398 3.98659803552919 1.5597705694789 0.54363139499191
4.73055212090713 3.96989807385308 1.57038371153888 0.549718214608045
4.75783893065088 3.95311688590678 1.58102262730238 0.555860486790846
4.78519086688027 3.93625384483448 1.59168711441854 0.562059040746987
4.81261034781567 3.91930830939734 1.60237696444022 0.56831472616245
4.84009983613055 3.90227962348094 1.61309196261314 0.574628413905926
4.86766184087062 3.88516711557973 1.62383188765641 0.581000996763861
4.89529891945487 3.86797009825727 1.63459651153384 0.587433390208896
4.92301367976309 3.85068786758072 1.6453855992157 0.59392653320358
4.95080878231537 3.8333197025284 1.65619890843025 0.600481389041361
4.97868694254881 3.81586486436844 1.66703618940457 0.607098946227
5.00665093319752 3.79832259600718 1.67789718459415 0.613780219398681
5.03470358678205 3.78069212130527 1.68878162840046 0.62052625029428
5.06284779821526 3.76297264435962 1.69968924687598 0.627338108764399
5.09108652753151 3.74516334874912 1.7106197574159 0.63421689383498
5.11942280274721 3.72726339674182 1.7215728684357 0.641163734822491
5.14785972286091 3.70927192846127 1.73254827903381 0.648179792504924
5.17640046100181 3.69118806100935 1.7435456786386 0.655266260352053
5.20504826773638 3.67301088754288 1.75456474663844 0.662424365818686
5.23380647454332 3.65473947630092 1.7656051519942 0.669655371704888
5.26267849746794 3.63637286957967 1.77666655283284 0.676960577587502
5.29166784096806 3.61791008265142 1.787748596021 0.684341321327587
5.32077810196407 3.59935010262381 1.79885091671742 0.691798980658777
5.35001297410725 3.58069188723537 1.80997313790269 0.699334974861947
5.37937625228135 3.56193436358295 1.82111486988505 0.70695076653201
5.40887183735361 3.54307642677635 1.83227570978051 0.71464786344314
5.4385037411928 3.52411693851498 1.8434552409658 0.722427820519227
5.46827609197343 3.50505472558098 1.85465303250209 0.730292241916937
5.49819313978676 3.4858885782429 1.86586863852773 0.738242783229375
5.52825926258089 3.46661724856316 1.87710159761781 0.746281153819033
5.55847897245459 3.44723944860245 1.88835143210812 0.754409119289429
5.58885692233117 3.42775384851308 1.89961764738121 0.762628504105713
5.61939791304142 3.40815907451295 1.91089973111167 0.770941194375383
5.65010690084703 3.38845370673093 1.92219715246778 0.779349140801292
5.68098900543907 3.36863627691352 1.93350936126628 0.787854361820206
5.71204951844891 3.34870526598183 1.94483578707673 0.796458946941442
5.74329391251303 3.32865910142685 1.95617583827172 0.805165060301435
5.77472785093659 3.30849615452962 1.96752890101874 0.813974944451639
5.80635719800546 3.28821473739208 1.97889433820911 0.822890924398818
5.83818803000106 3.26781309976232 1.99027148831901 0.831915411918669
5.87022664697785 3.24728942563698 2.00165966419721 0.841050910165822
5.90247958536957 3.2266418296211 2.01305815177332 0.850300018605578
5.93495363149695 3.2058683530244 2.02446620868024 0.85966543829537
5.96765583605745 3.18496695967 2.03588306278314 0.869149977546862
6.00059352968611 3.16393553138968 2.04730791060743 0.878756558002901
6.03377433968638 3.14277186317644 2.05873991565635 0.888488221167215
6.06720620804065 3.12147365796222 2.07017820660883 0.898348135428956
6.10089741082257 3.10003852098471 2.08162187538642 0.908339603628875
6.1348565791474 3.07846395370335 2.09306997507738 0.918466071219272
6.16909272181226 3.05674734721966 2.10452151770445 0.928731135075897
6.2035959899013 3.0348981609038 2.11596910811373 0.939132730982478
6.23811745594908 3.01307689101017 2.12732705916821 0.94959604982163
6.27250620153446 2.99138110935233 2.13854429530376 0.960074595343915
6.30667501581816 2.96986751099645 2.14959202185053 0.970540467153027
6.34057713136665 2.9485668570848 2.16045543364937 0.980977709265832
6.37419095110781 2.92749377721895 2.17112831892408 0.991377903856969
6.40751023095024 2.90665306501913 2.18160962212004 1.00173731286084
6.4405378630411 2.88604366117472 2.19190128849741 1.01205505032788
6.47328198621156 2.86566114323976 2.20200693002123 1.02233192673902
6.505753580026 2.84549926442361 2.21193101021099 1.03256972536541
6.53796499545093 2.82555089264876 2.22167835358784 1.0427707537634
6.56992907224774 2.80580857434854 2.23125385644992 1.05293756920155
6.60165862128326 2.78626486514486 2.24066232151094 1.06307281334421
6.63316613206423 2.76691251681911 2.2499083680524 1.0731791151285
6.66446361797414 2.74774457652423 2.25899638758284 1.08325903589294
6.69556254464069 2.7287544330763 2.26793052648277 1.09331504044093
6.72647380757979 2.70993583190769 2.27671468427211 1.1033494838202
6.75720773824054 2.69128287197075 2.28535252057968 1.11336460744958
6.78777412568033 2.67278999270997 2.29384746664223 1.12336254064781
6.81818224614017 2.65445195600896 2.30220273885145 1.1333453051396
6.84844089591489 2.63626382603124 2.31042135290416 1.1433148210646
6.87855842483729 2.61822094865171 2.31850613774083 1.15327291360746
6.90854276887344 2.60031893142897 2.32645974883784 1.1632213197332
6.93840148104019 2.58255362461692 2.33428468064505 1.17316169473804
6.96814176028201 2.56492110344486 2.34198327809228 1.18309561846287
6.99777047819397 2.54741765173809 2.34955774716295 1.19302460109896
7.02729420361857 2.53003974686214 2.35701016457384 1.20295008856403
7.05671922522005 2.51278404592638 2.36434248661928 1.21287346745435
7.0860515721758 2.49564737316014 2.37155655724667 1.2227960695932
7.11529703313805 2.47862670836579 2.37865411543059 1.23271917620363
7.14446117361946 2.46171917635359 2.38563680191086 1.24264402173556
7.17354935194909 2.44492203726701 2.39250616535506 1.25257179737794
7.20256673393558 2.42823267771372 2.39926366800116 1.26250365428513
7.23151830636213 2.41164860262496 2.40591069083057 1.27244070654448
7.26040888942683 2.39516742777287 2.41244853831675 1.28238403391038
7.28924314822997 2.37878687288297 2.41887844278988 1.29233468432715
7.31802560340004 2.36250475528503 2.42520156845377 1.30229367626121
7.34676064094025 2.34631898405172 2.43141901508733 1.31226200086096
7.37545252136898 2.3302275545799 2.43753182145944 1.32224062396068
7.40410538821993 2.31422854357388 2.44354096848283 1.3322304879433
7.43272327596074 2.29832010439454 2.44944738213033 1.34223251347514
7.46131011738319 2.28250046274165 2.45525193613382 1.35224760112454
7.4898697505122 2.26676791264041 2.46095545448457 1.36227663287503
7.51840592507671 2.25112081270595 2.46655871375149 1.37232047354257
7.54692230858076 2.23555758266206 2.47206244523238 1.38237997210557
7.57542249200976 2.22007670009314 2.47746733695146 1.3924559629554
7.60390999520348 2.20467669741003 2.48277403551548 1.40254926707449
7.63238827192433 2.18935615901232 2.4879831478393 1.41266069314838
7.66086071464692 2.17411371863153 2.49309524275087 1.4227910386176
7.68933065909256 2.15894805684087 2.49811085248468 1.43294109067446
7.71780138853036 2.14385789871852 2.50303047407165 1.44311162720983
7.74627613786452 2.1288420116528 2.50785457063313 1.45330341771407
7.77475809752597 2.11389920327835 2.5125835725854 1.46351722413626
7.80325041718495 2.09902831953355 2.51721787876108 1.47375380170538
7.8317562092997 2.08422824283027 2.52175785745288 1.48401389971686
7.86027855251539 2.06949789032768 2.52620384738472 1.4942982622876
7.88882049492629 2.05483621230264 2.53055615861498 1.50460762908239
7.91738505721309 2.04024219060972 2.53481507337591 1.51494273601437
7.94597523566669 2.02571483722464 2.53898084685332 1.52530431592204
7.97459400510877 2.01125319286512 2.54305370790972 1.53569309922516
8.00324432171877 1.9968563256839 2.54703385975442 1.54610981456169
8.03192912577655 1.98252333002894 2.55092148056331 1.55655518940775
8.06065134432895 1.96825332526622 2.55471672405114 1.56702995068265
8.08938505443449 1.95405965921211 2.55841605609402 1.57752428469387
8.11806899408014 1.9399726720193 2.56201194048738 1.58801538749333
8.14666673599513 1.92600989448607 2.56550067095495 1.59848943455898
8.17515750035527 1.91218084958355 2.56888087205666 1.6089382783598
8.20353028584187 1.89849010104842 2.572152565036 1.61935733391558
8.23178015352717 1.88493917169771 2.57531659144697 1.62974423685533
8.25990588784292 1.87152774308613 2.57837426021804 1.64009799669583
8.28790853075156 1.85825440218619 2.5813271330098 1.65041846480402
8.31579046654489 1.84511710414102 2.58417689464991 1.66070600120907
8.3435548525895 1.83211345771728 2.58692527567347 1.67096126660925
8.37120526686254 1.81924090034323 2.58957400665535 1.68118509300143
8.39874549106548 1.80649680454088 2.59212479186799 1.69137840359113
8.42617937836864 1.79387854182446 2.59457929463573 1.70154216353981
8.45351077387669 1.78138352029687 2.59693912972767 1.71167734997547
8.48074346785311 1.76900920603633 2.59920585995163 1.72178493401205
8.5078811692292 1.75675313454033 2.60138099522472 1.73186587023496
8.53492749161034 1.74461291611342 2.60346599307546 1.74192109081113
8.56188594692449 1.73258623760559 2.60546225994689 1.75195150244752
8.5887599436907 1.720670861988 2.60737115292216 1.76195798508985
8.61555278803075 1.70886462668178 2.60919398164716 1.77194139167106
8.64226768626208 1.69716544120168 2.61093201031799 1.78190254848034
8.66890774835595 1.68557128445637 2.6125864596567 1.79184225588694
8.69547599182286 1.6740802019119 2.61415850883305 1.80176128925505
8.72197534576005 1.66269030274054 2.61564929730977 1.81166039994969
8.74840865490322 1.65139975702594 2.61705992660111 1.82154031637295
8.77477868359093 1.64020679306383 2.61839146194126 1.83140174499491
8.80108811959119 1.62910969477827 2.6196449338633 1.84124537135844
8.82733957776443 1.6181067992618 2.62082133969158 1.85107186104663
8.85353560355256 1.60719649444125 2.62192164495143 1.86088186060733
8.87967867629239 1.59637721686656 2.62294678470078 1.87067599843266
8.90577121235722 1.58564744961836 2.62389766478817 1.88045488559348
8.9318155681331 1.5750057203283 2.62477516304182 1.89021911662989
8.95781404283782 1.56445059930626 2.62558013039411 1.89996927029963
8.98376888119122 1.55398069776813 2.62631339194549 1.90970591028638
9.00968227594553 1.54359466615795 2.62697574797183 1.91942958587022
9.03555637028437 1.53329119255879 2.62756797487871 1.92914083256251
9.06139326009836 1.52306900118665 2.62809082610611 1.93884017270725
9.08719499614535 1.51292685096236 2.62854503298656 1.94852811605108
9.11296358610234 1.50286353415648 2.62893130555963 1.95820516028389
9.13870099651595 1.4928778751028 2.62925033334549 1.96787179155171
9.16440915465783 1.48296872897616 2.62950278608004 1.97752848494381
9.19008995029088 1.47313498063069 2.62968931441386 1.98717570495546
9.21574523735174 1.46337554349488 2.62981055057723 1.9968139059279
9.2413768355548 1.45368935852 2.62986710901312 2.00644353246689
9.26698653192232 1.44407539317881 2.62985958698004 2.01606501984115
9.29257608224532 1.43453264051157 2.62978856512661 2.02567879436183
9.31814721247916 1.42506011821663 2.62965460803918 2.0352852737442
9.34370162007778 1.4156568677831 2.62945826476434 2.04488486745257
9.36924097527021 1.40632195366312 2.62920006930748 2.05447797702941
9.39476692228269 1.39705446248164 2.62888054110879 2.06406499640958
9.42028108050946 1.38785350228153 2.628500185498 2.07364631222048
9.44578504563531 1.37871820180211 2.62805949412888 2.08322230406902
9.47128039071249 1.36964770978941 2.62755894539463 2.09279334481597
9.49676866719467 1.36064119433622 2.62699900482525 2.10235980083854
9.52225140593023 1.35169784225056 2.62638012546766 2.11192203228179
9.54773011811731 1.34281685845103 2.62570274824959 2.12148039329939
9.57320629622256 1.3339974653875 2.62496730232804 2.13103523228447
9.59868141486573 1.32523890248609 2.62417420542305 2.14058689209087
9.6241569316719 1.31654042561694 2.62332386413757 2.15013571024549
9.64963428809309 1.30790130658381 2.62241667426405 2.15968201915214
9.67511491020103 1.29932083263431 2.62145302107846 2.16922614628725
9.70060020945247 1.29079830598976 2.62043327962231 2.17876841438793
9.7260915834287 1.2823330433938 2.61935781497333 2.18830914163288
9.75159041655048 1.27392437567869 2.61822698250513 2.19784864181619
9.77709808076988 1.26557164734853 2.61704112813668 2.2073872245148
9.80261593624011 1.25727421617865 2.61580058857179 2.21692519524956
9.8281453319646 1.24903145283031 2.6145056915292 2.2264628556405
9.85368760642641 1.24084274047997 2.61315675596371 2.23600050355633
9.87924408819906 1.23270747446259 2.6117540922787 2.24553843325871
9.90481609653972 1.22462506192821 2.61029800253043 2.25507693554137
9.93040494196574 1.21659492151117 2.60878878062452 2.26461629786431
9.95601192681537 1.20861648301154 2.60722671250497 2.2741568044835
9.98163834579362 1.20068918708806 2.6056120763359 2.28369873657605
10.007285486504 1.19281248496216 2.60394514267658 2.29324237236127
10.0329546299667 1.18498583813259 2.60222617464974 2.30278798721767
10.0586470511248 1.1772087181001 2.6004554281037 2.3123358537962
10.0843640193375 1.16948060610186 2.59863315176839 2.32188624212976
10.110106798863 1.16180099285507 2.59675958740562 2.33143941973932
10.1358766493309 1.15416937830951 2.59483496995382 2.34099565173667
10.1616748262033 1.14658527140851 2.59285952766743 2.35055520092407
10.1875025812281 1.13904818985807 2.59083348225116 2.36011832789078
10.2133611628823 1.13155765990381 2.58875704898943 2.36968529110677
10.2392518168073 1.12411321611537 2.58663043687097 2.37925634701367
10.2651757862368 1.11671440117792 2.58445384870902 2.38883175011307
10.2911343124165 1.10936076569066 2.58222748125705 2.3984117530523
10.3171286350176 1.10205186797181 2.5799515253204 2.4079966067078
10.3431599925436 1.09478727386998 2.5776261658638 2.41758656026623
10.3692296227314 1.08756655658163 2.57525158211508 2.4271818613033
10.3953387629463 1.08038929647436 2.57282794766505 2.43678275586059
10.4214886505725 1.07325508091581 2.57035543056389 2.44638948852031
10.447680523398 1.06616350410796 2.56783419341396 2.45600230247809
10.4739156199962 1.05911416692659 2.56526439345934 2.46562143961407
10.5001951801024 1.05210667676583 2.5626461826721 2.47524714056208
10.5265204449873 1.04514064738735 2.55997970783546 2.4848796447772
10.5528926578268 1.03821569877433 2.55726511062393 2.49451919060175
10.5793130640691 1.03133145698976 2.55450252768059 2.50416601532966
10.6057829117989 1.02448755403909 2.55169209069148 2.51382035526943
10.6323034520994 1.01768362773698 2.54883392645736 2.52348244580567
10.658875939412 1.010919321578 2.54592815696278 2.53315252145923
10.6855016318946 1.00419428461123 2.54297489944266 2.54283081594612
10.712181791778 0.997508171318453 2.53997426644636 2.5525175622352
10.7389176857218 0.990860641496004 2.53692636589942 2.56221299260458
10.7657105851684 0.984251360139975 2.53383130116299 2.57191733869704
10.7925617666976 0.977679997334775 2.53068917109097 2.58163083157426
10.8194725123798 0.971146228144874 2.52750007008505 2.59135370177008
10.8464441101298 0.964649732509622 2.52426408814763 2.60108617934276
10.8734778540605 0.958190195141061 2.52098131093269 2.61082849392626
10.900575044837 0.951767305424598 2.51765181979471 2.6205808747807
10.9277369900318 0.945380757322465 2.51427569183564 2.6303435508419
10.9549650044803 0.939030249279856 2.51085299995002 2.64011675077013
10.9822604106385 0.932715484133659 2.50738381286832 2.64990070299803
11.0096245389409 0.926436169023698 2.50386819519842 2.65969563577789
11.0370587281615 0.920192015306392 2.50030620746553 2.66950177722809
11.0645643257753 0.91398273847076 2.49669790615029 2.67931935537896
11.0921426883238 0.907808058056697 2.49304334372536 2.68914859821795
11.119795181781 0.901667697575435 2.48934256869036 2.69898973373422
11.1475231819237 0.895561384432137 2.4855956256053 2.70884298996257
11.1753280747041 0.889488849850531 2.48180255512253 2.71870859502695
11.2032112566253 0.883449828799549 2.47796339401717 2.72858677718329
11.2311741351213 0.877444059921882 2.47407817521616 2.73847776486196
11.2592181289394 0.871471285464401 2.47014692782594 2.74838178670967
11.2873446685276 0.86553125121039 2.46616967715865 2.75829907163096
11.3155551964259 0.859623706413529 2.46214644475719 2.76822984882929
11.3438511676618 0.853748403733572 2.45807724841878 2.77817434784766
11.3722340501512 0.847905099173671 2.45396210221743 2.78813279860891
11.4007053251035 0.842093552019303 2.44980101652503 2.79810543145567
11.4292664874326 0.836313524778734 2.44559399803133 2.80809247718994
11.4579190461732 0.83056478312499 2.44134104976264 2.81809416711237
11.486664524903 0.824847095839288 2.43704217109946 2.82811073306126
11.5155044621711 0.819160234755872 2.43269735779287 2.83814240745127
11.5444404119322 0.81350397470823 2.42830660197989 2.84818942331189
11.5734739439885 0.80787809347664 2.42386989219769 2.85825201432568
11.6026066444376 0.802282371737007 2.41938721339675 2.86833041486625
11.6318401161282 0.796716593010962 2.41485854695295 2.8784248600361
11.6611759791232 0.791180543617178 2.41028387067861 2.88853558570422
11.6906158711708 0.785674012623876 2.40566315883258 2.89866282854355
11.7201614481837 0.780196791802479 2.40099638212923 2.90880682606829
11.7498143847267 0.774748675582395 2.39628350774654 2.91896781667107
11.7795763745137 0.76932946100688 2.39152449933316 2.92914603965996
11.8094491309129 0.763938947689969 2.38671931701459 2.93934173529545
11.839434387463 0.758576937774437 2.38186791739835 2.94955514482722
11.8695338983977 0.75324323589076 2.37697025357827 2.95978651053097
11.899749439182 0.747937649117053 2.37202627513788 2.97003607574508
11.9300828070577 0.742659986939964 2.36703592815284 2.9803040849072
11.9605358216014 0.737410061216485 2.36199915519261 2.99059078359091
11.9911103252928 0.732187686136673 2.35691589532112 3.00089641854222
12.0218081840954 0.72699267818724 2.35178608409666 3.01122123771611
12.0526312880494 0.721824856116006 2.3466096535709 3.0215654903131
12.0835815518774 0.71668404089718 2.3413865322871 3.03192942681573
12.1146609156029 0.711570055697457 2.33611664527744 3.04231329902511
12.145871345183 0.706482725842905 2.33079991405962 3.05271736009749
12.1772148331547 0.701421878786623 2.32543625663255 3.06314186458083
12.2086933992957 0.696387344077158 2.32002558747138 3.07358706845147
12.2403090913013 0.691378953327649 2.31456781752159 3.08405322915077
12.2720639854754 0.686396540185699 2.30906285419247 3.09454060562183
12.3039601874389 0.681439940303934 2.3035106013497 3.10504945834638
12.335999832854 0.676508991311258 2.29791095930721 3.11558004938154
12.3681850881664 0.671603532784768 2.29226382481838 3.12613264239685
12.400518151365 0.666723406222327 2.28656909106636 3.13670750271132
12.4330012527601 0.661868455015768 2.28082664765375 3.14730489733049
12.4656366557808 0.657038524424728 2.27503638059152 3.15792509498376
12.4984266577921 0.65223346155109 2.26919817228727 3.16856836616165
12.5313735909327 0.647453115314013 2.26331190153269 3.1792349831533
12.5644798229736 0.64269733642556 2.25737744349041 3.18992522008404
12.5977477581988 0.637965977366881 2.25139466968009 3.20063935295304
12.6311798383087 0.633258892364966 2.2453634479639 3.21137765967114
12.6647785433462 0.628575937369943 2.23928364253126 3.22214042009881
12.6985463926486 0.623916970032904 2.23315511388293 3.23292791608418
12.7324859458227 0.619281849684268 2.22697771881449 3.24374043150125
12.7665998037469 0.61467043731265 2.22075131039911 3.25457825228825
12.8008906096 0.610082595544242 2.21447573796969 3.26544166648607
12.8353610499177 0.605518188622681 2.20815084710044 3.27633096427688
12.8700138556775 0.600977082389411 2.20177647958771 3.28724643802289
12.9048518034138 0.596459144264518 2.19535247343031 3.29818838230517
12.9398777163633 0.591964243228036 2.18887866280924 3.30915709396273
12.9750944656429 0.587492249801709 2.1823548780667 3.3201528721316
13.0105049714597 0.583043036031217 2.17578094568468 3.33117601828411
13.0461122043558 0.578616475468831 2.16915668826285 3.34222683626832
13.0819191864884 0.574212443156521 2.162481924496 3.35330563234749
13.1179289929461 0.569830815609488 2.15575646915081 3.36441271523971
13.1541447531034 0.56547147080012 2.14898013304221 3.37554839615767
13.1905696520146 0.561134288142372 2.14215272300917 3.38671298884847
13.2272069318483 0.556819148476555 2.13527404188992 3.39790680963353
13.2640598933638 0.55252593405453 2.12834388849682 3.40913017744866
13.3011318974316 0.548254528525311 2.12136205759061 3.42038341388409
13.338426366599 0.544004816921054 2.1143283398543 3.43166684322465
13.3759467867029 0.539776685643452 2.10724252186659 3.44298079248996
13.4136967085306 0.535570022450503 2.10010438607488 3.45432559147463
13.4516797495323 0.531384716443671 2.09291371076782 3.46570157278852
13.4898995955849 0.527220658055425 2.08567027004759 3.47710907189699
13.5283600028103 0.52307773903715 2.07837383380174 3.48854842716112
13.5670647994511 0.518955852447437 2.0710241676747 3.50001997987787
13.6060178878031 0.514854892640735 2.06362103303904 3.51152407432023
13.6452232462099 0.510774755256377 2.05616418696642 3.52306105777721
13.6846849311202 0.506715337207965 2.04865338219825 3.53463128059379
13.7244070792101 0.502676536673123 2.04108836711623 3.54623509621066
13.7643939095738 0.498658253083603 2.03346888571258 3.55787286120382
13.8046497259848 0.494660387115759 2.02579467756026 3.56954493532399
13.8451789192306 0.490682840681367 2.01806547778293 3.58125168153571
13.8859859695231 0.486725516918813 2.01028101702497 3.59299346605622
13.9270754489888 0.482788320184632 2.00244102142141 3.60477065839397
13.9684520242412 0.478871156045398 1.99454521256782 3.61658363138678
14.0101204590384 0.474973931269977 1.98659330749043 3.6284327612396
14.0520856170303 0.471096553822127 1.97858501861615 3.64031842756173
14.0943524645981 0.467238932853468 1.97052005374296 3.65224101340358
14.1369260737902 0.46340097869679 1.9623981160104 3.66420090529282
14.1798116253587 0.459582602859734 1.9542189038704 3.67619849326987
14.2230144118993 0.455783718018826 1.9459821110585 3.68823417092268
14.2665398411014 0.452004238013874 1.93768742656542 3.70030833542071
14.31039343911 0.448244077842728 1.92933453460921 3.71242138754807
14.3545808540061 0.444503153656407 1.92092311460795 3.72457373173565
14.3991078594099 0.440781382754592 1.91245284115314 3.73676577609227
14.4439803582119 0.437078683581501 1.90392338398385 3.74899793243466
14.4892043864374 0.433394975722124 1.8953344079617 3.76127061631618
14.5347861172499 0.429730179898855 1.88668557304687 3.77358424705428
14.5807318651003 0.4260842179685 1.87797653427513 3.78593924775637
14.6270480900261 0.422457012919673 1.86920694173608 3.79833604534425
14.6737414021101 0.418848488870596 1.86037644055271 3.8107750705767
14.7208185661025 0.415258571067291 1.85148467086243 3.82325675807028
14.7682865062161 0.41168718588219 1.84253126779967 3.83578154631815
14.8161523111001 0.408134260813146 1.83351586148022 3.84834987770664
14.8644232390028 0.404599724482881 1.82443807698753 3.8609621985296
14.9131067231295 0.401083506638853 1.81529753436102 3.87361895900013
14.9622103772053 0.397585538153567 1.80609384858672 3.88632061325972
15.011742001253 0.394105751025335 1.79682662959031 3.89906761938436
15.0617095875942 0.390644078379491 1.78749548223288 3.91186043938764
15.1121213270851 0.387200454470071 1.77810000630952 3.92469953922042
15.1629856155976 0.383774814681986 1.7686397965511 3.93758538876693
15.2143110607572 0.380367095533666 1.75911444262937 3.95051846183697
15.266106488949 0.376977234680231 1.74952352916576 3.96349923615402
15.3183809526062 0.373605170917156 1.73986663574402 3.97652819333884
15.3711437377928 0.37025084418449 1.73014333692718 3.98960581888834
15.4244043720955 0.366914195571605 1.72035320227906 4.00273260214934
15.4781726328397 0.363595167322517 1.71049579639059 4.0159090362869
15.5324585556451 0.360293702841785 1.70057067891152 4.0291356182467
15.5872724433382 0.357009746701007 1.69057740458771 4.0424128487113
15.6426248752381 0.353743244645933 1.68051552330451 4.05574123204956
15.6985267168357 0.350494143604221 1.67038458013672 4.06912127625906
15.7549891298847 0.347262391693844 1.66018411540547 4.0825534929007
15.8120235829262 0.34404793823218 1.64991366474262 4.09603839702521
15.8696418622679 0.340850733745818 1.63957275916328 4.10957650709091
15.9278560834427 0.337670729981079 1.62916092514683 4.12316834487209
15.9866787031698 0.334507879915307 1.61867768472727 4.13681443535743
16.0461225318459 0.331362137768943 1.60812255559338 4.15051530663768
16.1062007465925 0.328233459018413 1.59749505119953 4.16427148978207
16.1669269048916 0.325121800409869 1.58679468088773 4.17808351870241
16.2283149588377 0.32202711997381 1.57602095002193 4.19195193000427
16.290379270042 0.318949377040618 1.56517336013513 4.20587726282426
16.3531346252223 0.315888532257055 1.55425140909049 4.21986005865247
16.4165962525174 0.312844547603754 1.54325459125717 4.23390086113908
16.4807798385644 0.309817386413744 1.53218239770216 4.2480002158841
16.5457015463823 0.306807013392061 1.52103431639894 4.26215867020901
16.611378034107 0.303813394636491 1.50980983245435 4.27637677290916
16.6778264746249 0.30083649765949 1.49850842835488 4.29065507398564
16.7450645761569 0.297876291411335 1.48712958423359 4.30499412435508
16.8131106038468 0.294932746304576 1.47567277815929 4.31939447553614
16.8819834024129 0.292005834239821 1.46413748644938 4.33385667931081
16.951702419924 0.289095528632947 1.45252318400796 4.3483812873591
17.0222877327665 0.286201804443788 1.4408293446911 4.36296885086513
17.0937600718732 0.283324638206368 1.42905544170096 4.37761992009268
17.1661408502889 0.280464008060768 1.41720094801091 4.39233504392833
17.2394521921551 0.277619893786695 1.40526533682367 4.40711476938965
17.3137169631976 0.274792276838846 1.39324808206479 4.42195964109637
17.3889588028123 0.271981140384149 1.38114865891398 4.43687020070188
17.4652021578473 0.269186469340985 1.3689665443768 4.45184698628223
17.5424723181865 0.266408250420491 1.3567012178995 4.46689053168002
17.620795454251 0.263646472170042 1.34435216203018 4.48200136579979
17.7001986565387 0.26090112501905 1.33191886312924 4.49718001185172
17.7807099773346 0.258172201327169 1.31940081213269 4.51242698654015
17.8623584747334 0.255459695435074 1.306797505372 4.52774279919293
17.945174259125 0.252763603717918 1.29410844545435 4.54312795082775
18.0291885423084 0.250083924641634 1.28133314220752 4.55858293315085
18.1144336894085 0.24742065882224 1.2684711136941 4.57410822748367
18.200943273787 0.244773809088301 1.25552188729952 4.58970430361219
18.2881844462444 0.242160205597791 1.24256893847504 4.60527085592718
18.3757371249567 0.239592030284174 1.22967661183659 4.62073135787925
18.4633445849507 0.237075785449691 1.21688341335283 4.63604080119749
18.5508546197081 0.234614471529585 1.20421148358127 4.65117404488916
18.6381809263418 0.232208976785214 1.19167275927262 4.66611826394217
18.7252782740929 0.22985894574757 1.17927290006353 4.6808681541889
18.8121267424225 0.227563314080999 1.16701375802344 4.69542292789556
18.8987218044824 0.225320634166718 1.15489491640925 4.70978444942404
18.9850681301686 0.223129271039417 1.1429146413552 4.72395608760539
19.0711757367703 0.220987518705727 1.13107046633739 4.73794201495689
19.1570576130926 0.218893667899214 1.11935954824656 4.75174678385424
19.2427282646005 0.216846044400374 1.10777888204985 4.76537507354978
19.3282028322427 0.214843029641454 1.09632542825161 4.77883154210694
19.4134965673462 0.212883070747234 1.08499618681573 4.79212074243705
19.4986245266061 0.210964684358811 1.07378823839384 4.80524707724736
19.5836014023934 0.209086456872088 1.0626987657339 4.81821477739402
19.6684414356374 0.207247042675992 1.05172506319998 4.83102789412404
19.753158378549 0.205445161338278 1.0408645392737 4.84369029938803
19.8377654869339 0.203679594299926 1.03011471501562 4.85620569068447
19.9222755296141 0.201949181404894 1.01947322029783 4.86857759829728
20.0067008073173 0.200252817450921 1.00893778890012 4.88080939364896
20.0910531763861 0.198589448862453 0.998506253120244 4.89290429801731
20.1753440745242 0.196958070536605 0.988176538279035 4.90486539118437
20.2595845469385 0.195357722883638 0.97794665733613 4.91669561978024
20.3437852719414 0.19378748906655 0.967814705732549 4.92839780520091
20.4279565855062 0.192246492435054 0.957778856516819 4.93997465104813
20.5121085045284 0.190733894144286 0.947837355776055 4.95142875007967
20.5962507486995 0.189248890946375 0.937988518373221 4.96276259068041
20.6803927609884 0.187790713142241 0.928230723980535 4.97397856287723
20.7645437267773 0.186358622681105 0.918562413393223 4.98507896392568
20.8487125917234 0.184951911395753 0.908982085105244 4.99606600349901
20.9329080784308 0.183569899362382 0.899488292127912 5.00694180850972
21.0171387020196 0.182211933374711 0.890079639032715 5.01770842759258
21.1014127846774 0.180877385522913 0.880754779200499 5.0283678352766
21.1857384692773 0.179565651868761 0.87151241226042 5.03892193587083
21.2701237321364 0.178276151209145 0.862351281703286 5.04937256708758
21.3545763949875 0.177008323920867 0.853270172655235 5.05972150342391
21.4391041362295 0.175761630880232 0.844267909798864 5.06997045932091
21.5237145015157 0.174535552451585 0.835343355430107 5.08012109211832
21.6084149137343 0.173329587539446 0.826495407640179 5.09017500482039
21.693212682433 0.172143252699398 0.817722998612883 5.10013374868773
21.7781150127312 0.1709760813033 0.809025093028412 5.1099988256683
21.8631290137624 0.169827622754797 0.800400686565619 5.11977169067959
21.9482617066855 0.168697441751446 0.791848804495365 5.1294537537532
22.0335200322985 0.167585117590086 0.783368500358277 5.13904638205165
22.1189108582882 0.166490243512381 0.774958854720743 5.14855090176689
22.2044409861437 0.165412426087711 0.766618974003574 5.15796859990873
22.2901171577618 0.164351284630816 0.758347989378163 5.16730072599103
22.3759460617687 0.163306450651824 0.750145055725444 5.17654849362274
22.4619343395803 0.162277567336466 0.742009350653333 5.18571308201021
22.5480885912242 0.161264289054478 0.733940073568661 5.19479563737687
22.6344153809401 0.160266280894317 0.725936444799951 5.20379727430574
22.7209212425792 0.159283218222497 0.717997704767671 5.21271907700984
22.8076126848184 0.158314786265953 0.710123113198855 5.2215621005352
22.8944961962045 0.157360679715978 0.702311948383228 5.23032737190081
22.9815782500444 0.156420602352372 0.694563506468187 5.23901589117945
23.0688653091536 0.155494266686563 0.686877100790187 5.24762863252326
23.1563638304762 0.154581393622531 0.679252061240267 5.25616654513721
23.2440802695889 0.153681712134456 0.67168773366162 5.26463055420393
23.3320210850992 0.152794958960093 0.664183479277251 5.27302156176267
23.4201927429494 0.151920878308949 0.656738674145921 5.28134044754514
23.508601720636 0.151059221584381 0.649352708644701 5.28958806977093
23.5972545113538 0.150209747118826 0.642024986976563 5.29776526590462
23.6861576280739 0.1493722199214 0.634754926701573 5.30587285337704
23.7753176075644 0.148546411437178 0.627541958290312 5.31391163027252
23.8647410143609 0.147732099317479 0.620385524698283 5.32188237598425
23.9544344446964 0.14692906720058 0.613285080960119 5.32978585183931
24.0444045303966 0.146137104502249 0.60624009380249 5.33762280169527
24.1346579427477 0.145356006215596 0.5992500412747 5.34539395250972
24.2252013963456 0.144585572719723 0.592314412395993 5.3531000148843
24.3160416529304 0.143825609596711 0.585432706818696 5.3607416835846
24.4071855252152 0.143075927456508 0.578604434506335 5.36831963803717
24.4986398807141 0.1423363417693 0.571829115425967 5.37583454280474
24.5904116455764 0.141606672704984 0.56510627925396 5.38328704804107
24.6825078084323 0.140886744979377 0.55843546509456 5.39067778992607
24.7749354242576 0.140176387706826 0.551816221210579 5.39800739108261
24.8677016182609 0.139475434258887 0.545248104765597 5.40527646097553
24.960813589802 0.138783722128788 0.538730681577121 5.4124855962941
25.054278616345 0.138101092801371 0.532263525880143 5.4196353813185
25.1481040574534 0.137427391628269 0.525846220100611 5.42672638827113
25.242297358832 0.136762467708045 0.519478354638327 5.43375917765364
25.3368660564224 0.136106173771071 0.513159527658833 5.44073429857011
25.4318177805567 0.135458366068915 0.506889344893847 5.44765228903725
25.527160260177 0.134818904268021 0.500667419449883 5.45451367628211
25.6229013271245 0.134187651347496 0.494493371624648 5.46131897702787
25.7190489205068 0.133564473500796 0.488366828730887 5.46806869776833
25.8156110911468 0.132949240041149 0.482287424927331 5.47476333503153
25.9125960061219 0.132341823310543 0.476254801056441 5.48140337563303
26.0100119533986 0.131742098592102 0.470268604488648 5.48798929691926
26.1078673465688 0.131149944025731 0.464328488972813 5.49452156700147
26.2061707296958 0.130565240526851 0.45843411449264 5.50100064498052
26.3049307822755 0.12998787170812 0.452585147128788 5.50742698116311
26.4041563243212 0.129417723803986 0.446781258926461 5.51380101726957
26.5038563215776 0.128854685597968 0.44102212776824 5.52012318663381
26.6040398908741 0.128298648352538 0.435307437251942 5.52639391439553
26.7047163056225 0.1277495057415 0.42963687657333 5.53261361768518
26.8058950014692 0.127207153784759 0.424010140413456 5.5387827058018
26.9075855821098 0.126671490785384 0.418426928830484 5.54490158038415
27.009797825274 0.126142417268862 0.412886947155807 5.55097063557534
27.1125416888914 0.125619835924473 0.407389905894308 5.55699025818123
27.215827317447 0.12510365154867 0.401935520628612 5.56296082782273
27.3196650485353 0.12459377099042 0.39652351192719 5.5688827170824
27.4240654196255 0.124090103098396 0.391153605256168 5.57475629164545
27.5290391750473 0.123592558669965 0.385825530894729 5.58058191043532
27.6345972732077 0.123101050401906 0.380539023853985 5.58635992574412
27.7407508940534 0.122615492842768 0.37529382379919 5.59209068335806
27.8475114467882 0.122135802346834 0.370089674975207 5.59777452267797
27.9548905778606 0.12166189702961 0.364926326135124 5.60341177683528
28.0629001792343 0.121193696724793 0.359803530471902 5.60900277280332
28.1715523969563 0.120731122942655 0.354721045553004 5.61454783150435
28.2808596400371 0.120274098829794 0.34967863325788 5.62004726791234
28.3908345896603 0.119822549130209 0.344676059718259 5.62550139115154
28.5014902087367 0.119376400147638 0.339713095261157 5.63091050459122
28.6128397518216 0.118935579709125 0.334789514354538 5.63627490593635
28.7248967754137 0.11850001712977 0.329905095555558 5.64159488731468
28.8376751486552 0.118069643178614 0.325059621461336 5.64687073536006
28.9511890644533 0.117644390045632 0.320252878662193 5.65210273129219
29.0654530510459 0.117224191309786 0.315484657697303 5.65729115099292
29.1804819840342 0.116808981908105 0.310754753012714 5.66243626507919
29.2962910989062 0.116398698105761 0.306062962921688 5.66753833897256
29.4128960040779 0.115993277467106 0.301409089567325 5.67259763296558
29.5303126944786 0.115592658827637 0.296792938887422 5.67761440228495
29.6485575657104 0.11519678226686 0.292214320581549 5.6825888971516
29.7676474288117 0.114805589082034 0.287673048080298 5.68752136283768
29.887599525658 0.114419021762748 0.28316893851669 5.69241203972057
30.0084315450339 0.114037023966327 0.278701812699698 5.69726116333399
30.1301616394144 0.113659540494027 0.274271495089889 5.7020689644161
30.252808442493 0.113286517268003 0.269877813777155 5.70683566895485
30.3763910874994 0.112917901309026 0.265520600460512 5.71156149823047
30.50092922635 0.112553640714926 0.261199690429981 5.7162466688551
30.6264430496792 0.112193684639748 0.256914922550515 5.72089139280975
30.7529533078008 0.111837983273587 0.252666139247992 5.72549587747843
30.8804813326535 0.111486487823102 0.248453186497264 5.73006032567965
31.0090490607869 0.11113915049268 0.244275913812257 5.73458493569508
31.1386790574491 0.110795924466231 0.240134174238153 5.73906990129563
31.2693945418404 0.110456763889617 0.236027824345634 5.74351541176476
31.4012194136034 0.110121623853673 0.231956724227226 5.74792165191911
31.5341782806216 0.109790460377833 0.227920737495748 5.75228880212643
31.668296488208 0.109463230394324 0.22391973128489 5.7566170383208
31.8036001497667 0.109139891732943 0.219953576251947 5.76090653201512
31.9401161790196 0.108820403106372 0.216022146582736 5.7651574503109
32.0778723238943 0.108504724096056 0.212125319998727 5.76936995590523
32.2168972021793 0.108192815138606 0.208262977766433 5.77354420709497
32.357220339057 0.107884637512732 0.204435004709095 5.77768035777819
32.4988722066353 0.107580153326698 0.200641289220701 5.78177855745261
32.6418842656087 0.107279325506283 0.196881723282413 5.78583895121132
32.7862890091855 0.106982117783249 0.193156202481431 5.78986167973533
32.9321200094335 0.106688494684309 0.189464626032376 5.79384687928333
33.0794119662038 0.106398421520581 0.185806896801246 5.79779468167818
33.2282007588084 0.106111864377543 0.182182921332031 5.80170521429044
33.3785235006377 0.105828790105459 0.178592609876048 5.8055786000185
33.5304185969232 0.105549166310295 0.175035876424103 5.80941495726561
33.683925805862 0.105272961345112 0.171512638741554 5.81321439991335
33.8390863033421 0.105000144301938 0.168022818406383 5.81697703729169
33.9959427515257 0.104730685004116 0.164566340850384 5.82070297414551
34.1545393715674 0.10446455399913 0.161143135403589 5.82439231059729
34.3149220207702 0.104201722551909 0.157753135342034 5.82804514210607
34.4771382745071 0.103942162638615 0.154396277939031 5.83166155942237
34.641237513265 0.103685846940911 0.15107250452006 5.83524164853904
34.807271015197 0.103432748840718 0.147781760521459 5.83878549063784
34.9752920546071 0.103182842415463 0.14452399555305 5.8422931620315
35.1453560068255 0.102936102433829 0.141299163464918 5.84576473410127
35.3175204599778 0.102692504352008 0.138107222418489 5.84920027322952
35.4918453341955 0.102452024310465 0.134948134962147 5.8525998407274
35.6683930088672 0.102214639131235 0.13182186811159 5.85596349275719
35.8472284585872 0.101980326315737 0.128728393435175 5.8592912802491
36.0284193985208 0.101749064043158 0.125667687144484 5.86258324881237
36.2120364399746 0.10152083116937 0.122639730190411 5.86583943864023
36.3981532570397 0.101295607226449 0.11964450836504 5.86905988440853
36.5868467652602 0.101073372422761 0.11668201240964 5.87224461516761
36.7781973133788 0.10085410764368 0.113752238129102 5.87539365422723
36.9722888893157 0.100637794452924 0.110855186513209 5.87850701903388
37.1692093416609 0.100424415094549 0.107990863865088 5.88158472104038
37.3690506180937 0.100213952495626 0.105159281937311 5.88462676556708
37.5719090222944 0.100006390269618 0.102360458076057 5.88763315165434
37.7778854910854 0.0998017127204972 0.0995944153738592 5.89060387190566
37.9870858937298 0.0995999048476319 0.096861182831436 5.89353891232095
38.1996213555318 0.0994009523514757 0.0941607955291972 5.89643825211934
38.415608608129 0.0992048416401024 0.0914932948090251 5.89930186355089
38.6351703691431 0.0990115598366271 0.0888587284670036 5.90212971169638
38.8584357541678 0.0988210947875603 0.0862571509578095 5.90492175425464
39.0855407244328 0.0986334350721455 0.0836886236115449 5.90767794131632
39.3166285738853 0.0984485700127366 0.0811532148638528 5.91039821512343
39.5518504598953 0.0982664896862736 0.0786510005002277 5.91308250981351
39.791365982321 0.0980871849369252 0.0761820639155113 5.91573075114758
40.035343816274 0.0979106473899663 0.0737464963896475 5.9183428562204
40.2839624046253 0.0977368694669734 0.0713443973808616 5.92091873315218
40.5374107170893 0.0975658444024183 0.0689758748375337 5.92345828076006
40.7958890836511 0.0973975662617584 0.0666410455301433 5.92596138820811
41.0596101111704 0.0972320299611219 0.064340035404787 5.92842793463411
41.328799693235 0.097069231288701 0.0620729799599023 5.93085778875141
41.6036981247788 0.0969091669279748 0.0598400246479807 5.93325080842406
41.8845613346593 0.0967518344828948 0.0576413253042097 5.93560684021291
42.1716622513551 0.0965972325051783 0.0554770486041654 5.93792571889067
42.4652923192475 0.0964453605238696 0.0533473725528661 5.94020726692328
42.7657631856601 0.0962962190773431 0.0512524870077137 5.94245129391496
43.0734085820306 0.0961498097479391 0.04919259423808 5.94465759601399
43.3885864263749 0.0960061351994399 0.0471679095245515 5.94682595527602
43.7116811787026 0.0958651992176173 0.0451786618011216 5.94895613898128
44.0431064864112 0.0957270067540978 0.0432250943439234 5.95104789890199
44.3833081631059 0.0955915639738213 0.041307465510425 5.95310097051577
44.7327675520135 0.0954588783063908 0.0394260495333594 5.95511507216026
45.0920053344671 0.0953289585016367 0.0375811373740457 5.95708990412433
45.4615858552282 0.0952018146897528 0.0357730376401592 5.9590251476701
45.8421220501457 0.0950774584463862 0.0340020775734338 5.96092046398019
46.2342810784524 0.0949559028630985 0.0322686041132209 5.9627754930237
46.6387907826469 0.0948371626236468 0.0305729850422705 5.9645898523341
47.0564471244134 0.0947212540865643 0.0289156102215381 5.96636313569191
47.4881227767127 0.0946081953745528 0.0272968929212178 5.96809491170424
47.9347770917492 0.0944980064712203 0.0257172712555346 5.96978472227326
48.3974677142522 0.0943907093257204 0.0241772097290401 5.97143208094526
48.877364172396 0.0942863279658513 0.022677200902176 5.97303647113199
49.3757638587529 0.0941848886201603 0.0212177671835872 5.97459734419627
49.8941109163241 0.0940864198495542 0.019799462755935 5.97611411739453
50.4340186772912 0.0939909526888274 0.0184228756405562 5.97758617167063
50.9972964747735 0.0938985207983631 0.0170886299039147 5.97901284929774
51.5859818745433 0.093809160626012 0.0157973880049572 5.98039345136905
52.2023796739392 0.0937229115787535 0.0145498532765271 5.98172723514474
52.8491094168309 0.0936398162031486 0.0133467725249775 5.98301341127189
53.5291637161292 0.0935599203726797 0.0121889387186293 5.98425114090871
54.2459804165464 0.0934832734787323 0.0110771937157027 5.98543953280558
55.0035326546595 0.0934099286199692 0.0100124309527543 5.98657764042729
55.8064423068725 0.0933399427818931 0.00899559797096466 5.98766445924716
56.6601243493974 0.0932733769940151 0.00802769859305286 5.98869892441295
57.570972581501 0.0932102964455458 0.00710979446789032 5.98967990908658
58.5466014439296 0.0931507705308421 0.00624300555744123 5.99060622391173
59.5961650331663 0.0930948727813242 0.00542850892744798 5.99147661829124
60.7307840667979 0.0930426806186991 0.00466753488213093 5.99228978449919
61.9641264938006 0.0929942748311028 0.00396135899602658 5.99304436617289
63.3132110820937 0.0929497386229828 0.00331128785183521 5.9937389735252
64.7995416537832 0.092909156011376 0.00271863514845376 5.99437220884019
66.4507435253727 0.0928726092203216 0.00218468307368995 5.99494270770601
68.3029833981157 0.0928401745378056 0.00171062109560632 5.99544920436661
70.4046485555454 0.0928119158109331 0.00129745010522282 5.99589063408386
72.8221191418002 0.0927878743190225 0.000945833471423729 5.99626629220957
75.6491515304215 0.0927680531404636 0.00065586745713768 5.99657607940242
79.022752493338 0.0927523933609574 0.000426732237282641 5.99682087440178
83.1512377418422 0.0927407389828464 0.000256177678665444 5.99700308333851
88.3661190728832 0.0927327890303512 0.000139822068030312 5.99712738890164
95.2216525794228 0.092728045832853 7.03955870583125E-05 5.99720155858011
100 0.0927259546133186 3.97856044526615E-05 5.99723425978225
