0 5.8 0.29 0
0.00711075132059325 5.79713529079406 0.292557700571538 0.000307008634401874
0.0140504166298076 5.79435185861888 0.295042689137663 0.000605452243455363
0.0208769060880644 5.79161391129071 0.297486929894871 0.000899158814421147
0.027625628321207 5.78889976934369 0.299909781853548 0.0011904488027665
0.0343184862647357 5.78619608931374 0.302323158880691 0.00148075180556813
0.0409691483029182 5.78349457030907 0.30473447139936 0.00177095829157454
0.0475862109540211 5.78079000945279 0.3071483631833 0.00206162736390761
0.0541751263502072 5.77807912624213 0.309567761334518 0.00235311242334864
0.0607393888867805 5.77535984058925 0.311994521039224 0.002645638371526
0.0672812705431545 5.77263082495428 0.314429825520775 0.0029393495249404
0.0738022784245181 5.76989122470342 0.316874435751448 0.00323433954513444
0.080303440211142 5.76714048278387 0.319328847003892 0.00353067021223958
0.0867854825435269 5.76437822951587 0.32179338725284 0.00382838323128565
0.0932489426222253 5.76160421320375 0.324268279127121 0.0041275076691264
0.0996942380778106 5.75881825640282 0.326753678953307 0.00442806464387531
0.106121710738964 5.75602022833856 0.32924970137762 0.00473007028382288
0.112531654063047 5.75321002750535 0.3317564348994 0.00503353759524963
0.118924330336491 5.75038757068466 0.334273951673493 0.00533847764185279
0.125299981467536 5.74755278601299 0.33680231369731 0.0056449002896991
0.131658835764818 5.74470560860538 0.339341576716717 0.00595281467789964
0.138001112200873 5.74184597779147 0.341891792692411 0.00626222951611633
0.144327023099638 5.73897383536941 0.344453011357859 0.00657315327273182
0.150636775836223 5.73608912450208 0.347025281203932 0.00688559429398577
0.156930573917547 5.73319178901872 0.349608650101759 0.00719956087952615
0.163208617674762 5.73028177297227 0.352203165697284 0.00751506133044576
0.169471104712175 5.72735902035828 0.354808875661772 0.00783210397995113
0.175718230203305 5.72442347493547 0.357425827851459 0.00815069721307181
0.18195018709091 5.72147508011068 0.360054070409865 0.00847084947945592
0.188167166226582 5.7185137788642 0.362693651833995 0.00879256930180711
0.194369356472205 5.71553951370068 0.365344621017744 0.00911586528157591
0.200556944777291 5.71255222661609 0.368007027280984 0.0094407461029244
0.206730116240934 5.70955185907477 0.370680920389621 0.00976722053560727
0.212889054163906 5.70653835199282 0.373366350570005 0.0100952974371756
0.219033940094339 5.70351164572544 0.376063368519799 0.0104249857547599
0.22516495386916 5.70047168005676 0.37877202541665 0.0107562945265942
0.231282273652644 5.69741839419111 0.381492372925506 0.0110892328833847
0.237386075972967 5.6943517267453 0.384224463205117 0.0114238100495859
0.243476535757265 5.69127161574133 0.386968348914042 0.0117600353446273
0.249553826365592 5.68817799859949 0.389724083216401 0.0120979181841154
0.255618119623966 5.6850708121315 0.392491719787479 0.0124374680810279
0.261669585856663 5.6819499925338 0.395271312819287 0.0127786946469108
0.267708393917864 5.67881547538078 0.398062917026133 0.0131216075930852
0.273734711222697 5.67566719561791 0.400866587650221 0.0134662167318686
0.279748703777746 5.67250508755486 0.403682380467331 0.0138125319778126
0.285750536211048 5.66932908485848 0.406510351792563 0.0141605633489605
0.291740371801602 5.6661391205457 0.409350558486181 0.0145103209681252
0.297718372508419 5.66293512697627 0.412203057959548 0.0148618150641893
0.303684698999131 5.65971703584541 0.415067908181163 0.0152150559734269
0.309639510678166 5.65648477817634 0.417945167682809 0.0155700541408494
0.315582965714517 5.65323828431262 0.420834895565804 0.0159268201215755
0.321515221069102 5.64997748391041 0.423737151507367 0.0162853645822248
0.327436432521747 5.64670230593057 0.4266519957671 0.0166456983023373
0.333346754697787 5.6434126786306 0.429579489193588 0.0170078321758185
0.339246341094311 5.64010852955648 0.432519693231114 0.0173717772124101
0.345135344106047 5.63678978553431 0.435472669926506 0.0177375445391884
0.35101391505092 5.63345637266182 0.438438481936095 0.0181051454020889
0.356882204195265 5.63010821629972 0.441417192532818 0.0184745911674603
0.362740360778742 5.62674524106292 0.444408865613436 0.0188458933236452
0.368588533038923 5.62336737081152 0.447413565705891 0.0192190634825917
0.374426868235597 5.61997452864171 0.4504313579768 0.0195941133814931
0.380255512674783 5.61656663687646 0.453462308239082 0.0199710548844594
0.386074611732465 5.61314361705605 0.456506482959734 0.0203498999842183
0.391884309878063 5.60970538992841 0.45956394926774 0.0207306608038495
0.397684750697642 5.60625187543932 0.462634774962136 0.0211133495985498
0.403476076916879 5.60278299272235 0.46571902852022 0.0214979787574322
0.409258430423789 5.59929866008873 0.468816779105917 0.0218845608053586
0.415031952291223 5.5957987950169 0.471928096578299 0.0222731084048066
0.42079678279914 5.59228331414197 0.475053051500265 0.022663634357772
0.426553061456678 5.58875213324491 0.478191715147382 0.0230561516077073
0.432300927024016 5.58520516724161 0.481344159516898 0.0234506732414963
0.438040517534044 5.58164233017162 0.484510457336915 0.0238472124914679
0.44377197031385 5.57806353518681 0.487690682075746 0.0242457827374465
0.449495422006027 5.57446869453972 0.490884907951442 0.0246463975088434
0.455211008589819 5.57085771957171 0.494093209941506 0.0250490704867873
0.460918865402101 5.56723052070092 0.497315663792783 0.0254538155062967
0.46661912715821 5.56358700740996 0.50055234603155 0.0258606465584942
0.472311927972639 5.55992708823335 0.503803333973791 0.0262695777928634
0.477997401379585 5.55625067074478 0.507068705735676 0.0266806235195509
0.483675680353386 5.55255766154405 0.510348540244239 0.0270937982117122
0.489346897328823 5.54884796624384 0.513642917248259 0.0275091165079048
0.495011184221327 5.54512148945611 0.516951917329362 0.0279265932145276
0.500668672447073 5.54137813477836 0.52027562191333 0.0283462433083095
0.506319492942986 5.53761780477952 0.523614113281633 0.0287680819388469
0.511963776186658 5.53384040098562 0.526967474583196 0.0291921244311919
0.517601652216191 5.53004582386513 0.530335789846384 0.0296183862884925
0.52323325064996 5.52623397281409 0.533719143991231 0.0300468831946859
0.528858700706326 5.52240474614084 0.537117622841914 0.0304776310172464
0.534478131223285 5.51855804105054 0.540531313139473 0.0309106458099882
0.540091670678076 5.5146937536293 0.543960302554777 0.0313459438159262
0.545699447206746 5.51081177882804 0.547404679701765 0.0317835414701947
0.551301588623688 5.50691201044603 0.550864534150943 0.0322234554030262
0.556898222441158 5.50299434111406 0.554339956443154 0.0326657024427914
0.562489475888766 5.49905866227727 0.557831038103634 0.0331102996191022
0.568075475932978 5.49510486417768 0.561337871656343 0.033557264165979
0.573656349296605 5.49113283583631 0.564860550638605 0.0340066135250843
0.579232222478306 5.48714246503495 0.568399169616031 0.034458365349024
0.584803221772111 5.48313363829752 0.571953824197763 0.0349125375047176
0.590369473286972 5.47910624087114 0.575524611052025 0.0353691480768405
0.595931102966336 5.47506015670666 0.579111627922002 0.0358282153713386
0.601488236607779 5.47099526843894 0.582714973642049 0.036289757919018
0.607040999882678 5.46691145736655 0.58633474815424 0.0367537944792116
0.612589518355945 5.46280860343122 0.589971052525263 0.0372203440435249
0.618133917505836 5.45868658519667 0.593623988963674 0.0376894258396613
0.62367432274383 5.45454527982715 0.597293660837522 0.0381610593353322
0.629210859434598 5.45038456306541 0.600980172692338 0.0386352642422511
0.63474365291607 5.44620430921026 0.604683630269523 0.0391120605202151
0.640272828519599 5.4420043910936 0.608404140525121 0.0395914683812772
0.645798511590246 5.43778468005699 0.612141811649006 0.040073508294009
0.651320827507186 5.43354504592766 0.615896753084478 0.04055820098786
0.656839901704248 5.4292853569941 0.619669075548294 0.0410455674576123
0.662355859690596 5.42500547998093 0.623458891051132 0.0415356289679362
0.667868827071566 5.42070528002344 0.62726631291851 0.0420284070580481
0.67337892956966 5.41638462064136 0.631091455812164 0.0425239235464734
0.678886293045727 5.41204336371218 0.634934435751907 0.0430222005359178
0.68439104352031 5.40768136944378 0.638795370137969 0.04352326041825
0.689893307195205 5.40329849634656 0.642674377773846 0.0440271258795987
0.695393210475215 5.39889460120478 0.646571578889657 0.0445338199055668
0.700890879990126 5.3944695390474 0.65048709516604 0.0450433657865665
0.706386442616914 5.39002316311814 0.654421049758583 0.0455557871232791
0.711880025502189 5.38555532484494 0.65837356732282 0.0460711078322421
0.717371756084897 5.38106587380864 0.6623447740398 0.0465893521515676
0.722861762119281 5.37655465771095 0.666334797642252 0.0471105446467966
0.728350171698128 5.37202152234176 0.670343767441353 0.0476347102168913
0.733837113276306 5.36746631154551 0.674371814354123 0.0481618741003718
0.739322715694602 5.36288886718694 0.678419070931465 0.0486920618815991
0.744807108203883 5.35828902911592 0.682485671386871 0.0492252994972102
0.750290420489591 5.3536666351315 0.686571751625799 0.049761613242709
0.755772782696586 5.34902152094502 0.690677449275765 0.0503010297792186
0.761254325454347 5.34435352014246 0.694802903717147 0.0508435761403982
0.76673517990256 5.33966246414574 0.698948256114735 0.0513892797395312
0.772215477717097 5.33494818217317 0.703113649450049 0.051938168376789
0.777695351136401 5.33021050119888 0.707299228554447 0.0524902702466748
0.783174932988311 5.32544924591131 0.711505140143036 0.0530456139456553
0.788654356717324 5.32066423867059 0.715731532849431 0.0536042284799835
0.794133756412321 5.31585529946491 0.71997855726137 0.05416614327372
0.79961326683478 5.31102224586583 0.724246365957217 0.0547313881769591
0.80509302344749 5.30616489298235 0.728535113543387 0.0552999934742647
0.810573162443784 5.30128305341397 0.732844956692707 0.0558719898933239
0.816053820777317 5.29637653720242 0.737176054183757 0.056447408613825
0.821535136192408 5.29144515178222 0.741528566941214 0.0570262812765665
0.827017247254964 5.28648870192997 0.745902658077231 0.0576086399928043
0.832500293384021 5.28150698971227 0.750298492933882 0.0581945173538464
0.837984414883907 5.27649981443238 0.754716239126719 0.0587839464409005
0.843469752977068 5.27146697257536 0.759156066589456 0.0593769608351854
0.848956449837578 5.26640825775186 0.763618147619835 0.0599735946283125
0.854444648625351 5.26132346064035 0.768102656926707 0.060573882432948
0.859934493521093 5.25621236892788 0.772609771678359 0.0611778593937645
0.865426129762018 5.25107476724917 0.777139671552141 0.061785561198691
0.870919703678353 5.2459104371241 0.781692538785429 0.0623970240904726
0.876415362730674 5.24071915689349 0.786268558227967 0.0630122848785488
0.881913255548091 5.2355007016531 0.790867917395642 0.0636313809512633
0.887413531967321 5.23025484318586 0.795490806525731 0.0642543502884139
0.892916343072689 5.22498134989217 0.800137418633678 0.0648812314741571
0.898421841237082 5.21967998671828 0.804807949571444 0.0655120637102768
0.903930180163896 5.21435051508267 0.809502598087497 0.0661468868298326
0.909441514930023 5.20899269280032 0.81422156588849 0.0667857413111987
0.914956002029903 5.20360627400481 0.818965057702683 0.0674286682925082
0.920473799420693 5.19819100906831 0.823733281345178 0.0680757095865174
0.925995066568597 5.19274664451907 0.828526447785033 0.0687269076959047
0.931519964496395 5.18727292295668 0.833344771214307 0.0693823058290196
0.937048655832223 5.18176958296478 0.838188469119122 0.0700419479160983
0.942581304859648 5.17623635902124 0.843057762352806 0.0707058786259632
0.948118077569101 5.17067298140559 0.847952875211194 0.0713741433832235
0.953659141710705 5.16507917610384 0.852874035510167 0.0720467883859956
0.959204666848566 5.15945466471033 0.857821474665512 0.0727238606241631
0.964754824416574 5.15379916432663 0.862795427775182 0.073405407898196
0.970309787775792 5.14811238745739 0.86779613370406 0.0740914788385499
0.975869732273478 5.14239404190303 0.872823835171306 0.0747821229256686
0.98143483530381 5.136643830649 0.877878778840394 0.0754773905106115
0.987005276370397 5.13086145175173 0.88296121541194 0.0761773328363312
0.992581237150625 5.12504659822095 0.888071399719425 0.0768820020596257
0.998162901561941 5.11919895789828 0.893209590827928 0.0775914512737917
1.00375045583012 5.11331821333201 0.898376052135989 0.0783057345320068
1.00934408855966 5.10740404164781 0.903571051480719 0.0790249068714695
1.01494399080625 5.10145611441539 0.908794861246283 0.0797490243383267
1.02055035615166 5.09547409751067 0.914047758475907 0.0804781440134215
1.02616338078082 5.08945765097358 0.919330024987532 0.0812123240388928
1.03178326356147 5.08340642886107 0.92464194749327 0.0819516236456633
1.03741020612633 5.07732007909533 0.929983817722817 0.0826961031818515
1.04304441295796 5.07119824330687 0.935355932550989 0.0834458241421454
1.04868609147637 5.06504055667228 0.940758594129546 0.0842008491981795
1.0543354521296 5.05884664774656 0.946192110023482 0.0849612422299565
1.05999270848725 5.05261613828967 0.95165679335198 0.0857270683583574
1.06565807733728 5.046348643087 0.957152962934213 0.0864983939787875
1.07133177878607 5.04004376976378 0.962680943440215 0.0872752867960075
1.07701403636186 5.03370111859277 0.96824106554703 0.0880578158601994
1.08270507712199 5.02732028229531 0.973833666100366 0.0888460516043231
1.08840513176371 5.02090084583517 0.97945908828201 0.0896400658828197
1.0941144347391 5.01444238620504 0.98511768178324 0.0904399320117216
1.09983322437401 5.00794447220526 0.990809802984512 0.0912457248102327
1.10556174299139 5.00140666421445 0.996535815141707 0.0920575206438445
1.11130023703911 4.99482851395173 1.00229608857922 0.0928753974690588
1.11704895722251 4.98820956423 1.00809100089021 0.0936994348797911
1.12280815864194 4.9815493487001 1.01392093714437 0.0945297141555314
1.12857810093549 4.97484739158514 1.01978629010352 0.0953663183113459
1.13435904842711 4.96810320740482 1.02568746044538 0.0962093321498059
1.14015127028055 4.96131630068906 1.03162485699601 0.0970588423149354
1.14595504065919 4.95448616568053 1.0375988969712 0.0979149373482748
1.15177063889219 4.94761228602551 1.04361000622733 0.0987777077471627
1.15759834964729 4.94069413445253 1.04965861952213 0.0996472460253446
1.16343846311048 4.93373117243818 1.0557451807858 0.100523646776023
1.16929127517296 4.92672284985947 1.06187014340306 0.10140700673747
1.17515708762581 4.91966860463202 1.06803397050665 0.102297424861333
1.18103620836265 4.91256786233342 1.07423713528282 0.103195002383766
1.18692895159078 4.90542003581102 1.08048012128944 0.104099842899536
1.19283563805131 4.89822452477326 1.08676342278749 0.105012052439256
1.19875659524858 4.89098071536373 1.09308754508637 0.105931739549904
1.20469215768954 4.88368797971714 1.09945300490406 0.106859015378805
1.21064266713352 4.8763456754961 1.10586033074263 0.107793993761269
1.21660847285303 4.86895314540777 1.11231006328018 0.108736791312053
1.22258993190615 4.86150971669927 1.11880275577984 0.109687527520892
1.22858740942117 4.85401470063068 1.12533897451703 0.110646324852291
1.23460127889417 4.84646739192448 1.13191929922569 0.111613308849831
1.24063192250029 4.83886706818993 1.13854432356484 0.112588608245233
1.24667973141944 4.83121298932118 1.14521465560637 0.113572355072454
1.25274510617732 4.82350439686757 1.15193091834534 0.114564684787097
1.25882845700264 4.81574051337434 1.15869375023422 0.115565736391449
1.26493020420149 4.80792054169234 1.1655038057422 0.116575652565463
1.27105077854993 4.80004366425466 1.1723617559413 0.117594579804048
1.2771906217058 4.79210904231833 1.17926828912064 0.118622668561032
1.28335018664102 4.78411581516904 1.18622411143076 0.119660073400206
1.28952993809571 4.77606309928643 1.19322994755969 0.120706953153877
1.29573035305524 4.76794998746787 1.20028654144274 0.121763471089392
1.30195192125197 4.75977554790777 1.2073946570081 0.122829795084134
1.30819514569309 4.75153882322991 1.21455507896057 0.123906097809518
1.31446054321623 4.74323882946973 1.22176861360571 0.124992556924567
1.32074864507478 4.73487455500322 1.22903608971711 0.126089355279675
1.32705999755479 4.72644495941919 1.23635835944958 0.127196681131236
1.33339516262562 4.71794897233095 1.2437362993012 0.128314728367847
1.33975471862662 4.70938549212354 1.2511708111276 0.129443696748863
1.34613926099233 4.70075338463198 1.25866282321189 0.130583792156137
1.35254940301888 4.69205148174602 1.26621329139413 0.131735226859855
1.35898577667447 4.68327857993615 1.27382320026442 0.132898219799434
1.36544903345718 4.67443343869541 1.28149356442403 0.134072996880557
1.37193984530342 4.66551477889099 1.28922542981953 0.135259791289484
1.37845890555079 4.65652128101912 1.297019875155 0.136458843825883
1.38500692995947 4.64745158335627 1.30487801338818 0.137670403255555
1.39158465779642 4.63830427999883 1.31280099331667 0.138894726684502
1.39819285298731 4.62907791878307 1.32079000126097 0.140132079955965
1.40483230534142 4.61977099907611 1.32884626285172 0.141382738072171
1.41150383185516 4.61038196942813 1.33697104492917 0.142646985642703
1.41820827810068 4.6009092250748 1.34516565756362 0.143925117361582
1.42494651970622 4.59135110527805 1.35343145620661 0.145217438515344
1.43171946393599 4.58170589049231 1.36176984398307 0.14652426552462
1.43852805137771 4.57197179934168 1.37018227413637 0.147845926521951
1.44537325774706 4.56214698539253 1.3786702526386 0.14918276196888
1.45225609581904 4.55222953370419 1.3872353409802 0.150535125315614
1.45917761749743 4.5422174571387 1.39587915915438 0.151903383706925
1.46613891603447 4.53210869240863 1.40460338885305 0.153287918738324
1.47314112841459 4.52190109583982 1.41340977689323 0.154689127266958
1.48018543791704 4.51159243882336 1.42230013889448 0.156107422282163
1.48727307687433 4.50118040292838 1.43127636323047 0.15754323384115
1.49440532964488 4.4906625746441 1.44034041528003 0.158997010075876
1.50158353582098 4.48003643971592 1.44949434200621 0.160469218277867
1.50880909369481 4.46929937703665 1.45874027689484 0.161960346068505
1.51608346400884 4.45844865204897 1.46808044528785 0.163470902663182
1.52340817401933 4.44748140961041 1.47751717015089 0.165001420238706
1.53078482190579 4.43639466626616 1.48705287831936 0.166552455414488
1.53821508156309 4.42518530186819 1.49669010727249 0.168124590859327
1.54570070781755 4.41385005047152 1.5064315124914 0.169718437037088
1.55324354211395 4.40238549042977 1.51627987546396 0.171334634106274
1.56084551872664 4.39078803360177 1.52623811240779 0.172973853990443
1.56850867155488 4.37905391356936 1.53630928379197 0.174636802638682
1.57623514157128 4.36717917275303 1.54649660474902 0.176324222497957
1.58402718500182 4.3551596482962 1.55680345648163 0.178036895222179
1.5918871823273 4.34299095657063 1.567233398783 0.179775644646373
1.59981764820944 4.33066847613418 1.5777901838074 0.181541340058418
1.60782124246077 4.31818732894699 1.58847777124734 0.183334899805681
1.61590078219554 4.30554235962269 1.59930034509781 0.185157295279507
1.62405925532144 4.29272811245674 1.61026233221605 0.187009555327215
1.63229983555736 4.27973880593258 1.62136842291825 0.188892771149175
1.64062589919415 4.26656830435759 1.63262359389448 0.190808101747933
1.64904104385237 4.25321008622265 1.64403313376978 0.192756780007576
1.65754910953605 4.23965720880881 1.6556026716962 0.194740119494995
1.66615420233615 4.22590226848083 1.66733820942829 0.196759522090891
1.6748607212033 4.21193735600507 1.67924615741693 0.198816486578006
1.68367338829086 4.19775400610577 1.69133337555638 0.200912618337853
1.69259728346832 4.18334314032194 1.70360721934164 0.203049640336421
1.70163788372887 4.16869500204121 1.71607559234371 0.205229405615086
1.71080110836779 4.15379908235688 1.72874700609579 0.207453911547336
1.72009337100059 4.13864403510768 1.74163064871535 0.209725316176969
1.72952163973219 4.12321757910152 1.75473646387598 0.212045957022505
1.73909350709629 4.10750638507156 1.76807524210879 0.214418372819646
1.74877294723532 4.09149594433828 1.78165872687746 0.21684532878427
1.75851774901692 4.07524497165125 1.7954365511397 0.21931847720905
1.76830129329433 4.05882357343365 1.80934882666158 0.221827599904771
1.77810697880806 4.04227652988144 1.8233572600777 0.224366210040863
1.78792457659378 4.02563227681526 1.83743748410711 0.226930239077637
1.79774788597695 4.00890880788961 1.85157402161036 0.229517170500031
1.80757324298679 3.99211748693659 1.86575703496101 0.232125478102409
1.81739857725264 3.97526548478455 1.87998024965428 0.234754265561179
1.82722281807894 3.95835732680975 1.8942396365257 0.237403036664553
1.83704552137116 3.94139587177436 1.90853257879104 0.2400715494346
1.84686663568422 3.92438292936816 1.92285734687539 0.242759723756448
1.85668635568927 3.90731964917364 1.93721276783269 0.24546758299367
1.86650503048351 3.8902067653978 1.9515980174673 0.24819521713491
1.87632310627281 3.87304475074325 1.96601248969774 0.250942759559009
1.88614109058367 3.85583391310288 1.98045571449205 0.253710372405078
1.8959595299551 3.83857445629983 1.99492730632387 0.2564982373763
1.90577899606862 3.82126651822919 2.00942693179705 0.259306549973765
1.91560007715967 3.80391019480026 2.02395428930451 0.262135515895231
1.92542337273487 3.78650555495934 2.03850909624022 0.264985348800442
1.9352494903587 3.7690526501101 2.05309108095055 0.267856268939355
1.94507904373616 3.75155152001572 2.06769997765865 0.27074850232563
1.95491265160752 3.73400219649151 2.08233552325337 0.273662280255117
1.96475093715256 3.71640470570993 2.09699745524696 0.276597839043105
1.97459452771499 3.69875906963395 2.11168551046527 0.27955541990079
1.98444405472899 3.68106530690274 2.12639942419639 0.282535268900876
1.9943001537738 3.66332343337301 2.14113892962622 0.285537637000777
2.00416346471044 3.64553346244346 2.15590375745293 0.288562780103617
2.01403463187175 3.62769540524248 2.17069363561291 0.29161095914461
2.02391430428796 3.60980927072929 2.18550828907569 0.294682440195028
2.03380313593688 3.59187506573985 2.20034743968121 0.297777494578951
2.04370178601166 3.57389279499744 2.21521080600274 0.300896398999819
2.05361091920247 3.55586246110009 2.23009810322494 0.304039435674979
2.06353120598924 3.53778406449251 2.24500904303031 0.307206892477176
2.07346332294449 3.51965760342755 2.25994333349005 0.310399063082399
2.08340795304532 3.50148307391979 2.27490067895641 0.313616247123806
2.09336578599445 3.48326046969339 2.289880779955 0.316858750351617
2.10333751855017 3.4649897821251 2.30488333307587 0.320126884799039
2.11332385486561 3.4466710001831 2.31990803086259 0.323420968954315
2.12332550683745 3.42830411036205 2.33495456169885 0.326741327939108
2.1333431944645 3.40988909661447 2.35002260969213 0.330088293693408
2.14337764621679 3.39142594027851 2.36511185455425 0.333462205167248
2.15342959941538 3.37291462000202 2.3802219714785 0.336863408519486
2.16349980062372 3.35435511166293 2.3953526310131 0.340292257323971
2.17358900605097 3.33574738828573 2.41050349893086 0.343749112783413
2.18369798196805 3.31709141995389 2.42567423609481 0.347234343951306
2.19382750513693 3.2983871737181 2.44086449831964 0.350748327962262
2.20397836325399 3.27963461350013 2.45607393622871 0.354291450271168
2.21415135540813 3.26083369999201 2.47130219510645 0.357864104901545
2.22434729255448 3.24198439055044 2.48654891474599 0.361466694703572
2.23456699800436 3.22308663908611 2.50181372929168 0.365099631622217
2.24481130793264 3.20414039594761 2.51709626707642 0.368763336975976
2.25508107190316 3.18514560779983 2.53239615045346 0.372458241746716
2.26537715341331 3.16610221749639 2.54771299562243 0.376184786881178
2.27570043045882 3.14701016394591 2.56304641244937 0.37994342360472
2.2860517961198 3.12786938197167 2.57839600428044 0.383734613747896
2.2964321591691 3.10867980216442 2.59376136774906 0.387558830086525
2.30684244470447 3.08944135072798 2.60914209257608 0.39141655669594
2.3172835948055 3.07015394931708 2.62453776136279 0.39530828932013
2.32775656921695 3.0508175148672 2.63994794937624 0.399234535756562
2.3382623460598 3.03143195941584 2.65537222432667 0.40319581625749
2.34880192257166 3.01199718991481 2.67081014613657 0.407192663948621
2.35937631587807 2.99251310803302 2.68626126670091 0.411225625266075
2.36998656379658 2.97297960994917 2.70172512963823 0.415295260412604
2.38063372567541 2.95339658613382 2.71720127003205 0.419402143834135
2.3913188832686 2.93376392112025 2.73268921416202 0.423546864717737
2.40204314164992 2.91408149326332 2.74818847922447 0.42773002751221
2.41280763016773 2.89434917448579 2.76369857304166 0.431952252472553
2.42361350344313 2.87456683001118 2.77921899375915 0.436214176229674
2.43446194241412 2.8547343180825 2.79474922953073 0.440516452386769
2.44535415542839 2.8348514896659 2.81028875819017 0.44485975214393
2.45629137938779 2.81491818813831 2.82583704690908 0.449244764952613
2.46727488094757 2.7949342489581 2.84139355184017 0.453672199201732
2.47830595777379 2.7748994993177 2.85695771774502 0.458142782937278
2.48938593986254 2.75481375777701 2.87252897760553 0.462657264617468
2.50051619092483 2.73467683387629 2.88810675221811 0.4672164139056
2.51169810984135 2.71448852772739 2.90369044976968 0.471821022502943
2.52287715354655 2.69424862958164 2.91927946539422 0.476471905024148
2.5339977435841 2.6740579109682 2.93479565911409 0.481146429917716
2.54502809977679 2.65401812958253 2.95016082776473 0.485821042652745
2.55595154370344 2.63418733408399 2.96533088257431 0.4904817833417
2.56676075640271 2.61459589591688 2.98028325155402 0.495120852529106
2.57745408012541 2.59525707565483 2.99500860164642 0.499734322698753
2.58803317876622 2.57617381490017 3.00950553451331 0.504320650586519
2.59850157935287 2.55734302396748 3.02377724932888 0.508879726703639
2.60886377559548 2.53875824874877 3.03782947495379 0.513412276297445
2.61912468577745 2.52041130564289 3.05166920788669 0.517919486470428
2.62928933188924 2.50229326728003 3.06530395556352 0.522402777156453
2.63936265564225 2.48439504380909 3.07874129341875 0.526863662772164
2.64934941831723 2.46670771457901 3.09198861486586 0.531303670555133
2.6592541513127 2.44922270736526 3.10505299859614 0.535724294038608
2.66908113682611 2.43193188569021 3.11794114622461 0.540126968085193
2.6788344059883 2.41482758173166 3.13065936129463 0.544513056973711
2.6885177467001 2.39790259787346 3.14321355188436 0.548883850242178
2.69813471648431 2.38115019095056 3.15560924603873 0.553240563010709
2.70768865756333 2.36456404765605 3.16785161356834 0.557584338775618
2.7171827125394 2.34813825613015 3.17994549041235 0.561916253457506
2.72661983976665 2.3318672766363 3.19189540338576 0.566237319977944
2.73600282793449 2.31574591294232 3.20370559411459 0.570548492943098
2.74533430963803 2.29976928525022 3.21538004155108 0.574850673198702
2.7546167738603 2.28393280505896 3.22692248280756 0.579144712133491
2.76383698358808 2.2682321520786 3.23833643224595 0.583431415675451
2.77297618474957 2.25268949506133 3.24960619616616 0.587704308772512
2.78202447575267 2.23733591864818 3.2607098158734 0.59195426547843
2.79097744559974 2.22218724508615 3.27163657009327 0.596176184820581
2.79983402745009 2.20724988807386 3.28238262503169 0.60036748689445
2.8085951444692 2.19252457528176 3.29294827767756 0.604527147040685
2.81726286383226 2.17800868679823 3.30333623050654 0.608655082695231
2.82583987318072 2.16369770918809 3.31355052316657 0.612751767645345
2.83432916014061 2.14958613049493 3.32359587814487 0.616817991360206
2.84273381894083 2.13566798457378 3.33347730524248 0.620854710183742
2.85105693613682 2.12193717685078 3.34319986678844 0.62486295636079
2.85930152526619 2.10838767466273 3.35276854204948 0.628843783287794
2.86747049154182 2.09501361425559 3.36218815241044 0.632798233333975
2.87556661479377 2.08180935692526 3.37146332343652 0.636727319638219
2.88359254333318 2.06876951448406 3.3805984690263 0.640632016489636
2.89155079420514 2.05588895654108 3.38959778853846 0.644513254920463
2.89944375704315 2.04316280728432 3.39846527130421 0.64837192141148
2.90727369982532 2.03058643646539 3.40720470512612 0.652208858408493
2.91504277550794 2.01815544743405 3.41581968671752 0.656024865848426
2.92275302893016 2.00586566392363 3.42431363287037 0.659820703206013
2.93040640364081 1.99371311658258 3.43268979165081 0.663597091766618
2.93800474845578 1.98169402981544 3.44095125323319 0.667354716951371
2.94554982364924 1.96980480923398 3.44910096017081 0.671094230595216
2.95304330673916 1.95804202986202 3.45714171701398 0.674816253124005
2.96048679785986 1.94640242514476 3.46507619925095 0.6785213756043
2.96788182473366 1.93488287676003 3.47290696158404 0.682210161655943
2.97522984726261 1.92348040519999 3.48063644557306 0.685883149226952
2.98253226176637 1.91219216107696 3.48826698668744 0.689540852235601
2.98979040489342 1.90101541710104 3.49580082081173 0.693183762087236
2.9970055572323 1.88994756067606 3.50324009024933 0.696812349074616
3.0041789466487 1.87898608706198 3.5105868492672 0.700427063670824
3.01131175137192 1.86812859305468 3.51784306922168 0.704028337723648
3.01840510285288 1.85737277113811 3.52501064330211 0.70761658555979
3.0254600884134 1.84671640406715 3.53209139092611 0.711192205006746
3.032477753705 1.83615735984371 3.53908706181681 0.714755578339483
3.0394591049937 1.82569358705172 3.54599933978981 0.718307073158471
3.04640511128537 1.8153231105204 3.55282984627463 0.721847043204978
3.05331670630535 1.80504402728765 3.55958014359335 0.725375829119002
3.06019479034424 1.79485450283872 3.56625173801659 0.728893759144692
3.06704023198085 1.78475276759711 3.57284608261526 0.732401149787639
3.07385386969227 1.77473711364731 3.57936457992468 0.73589830642801
3.08063651336002 1.76480589167077 3.58580858443612 0.739385523893111
3.08738894568032 1.75495750807808 3.59217940492929 0.742863086992642
3.09411192348613 1.74519042232221 3.59847830665822 0.74633127101957
3.10080617898737 1.73550314437885 3.60470651340183 0.749790342219322
3.10747242093575 1.72589423238108 3.61086520938921 0.753240558229721
3.11411133571961 1.71636229039701 3.61695554110911 0.756682168493878
3.12072358839393 1.70690596633979 3.62297861901215 0.760115414648066
3.12730982365024 1.69752395000028 3.62893551911331 0.763540530886413
3.1338706667306 1.68821497119381 3.6348272845021 0.766957744304097
3.14040672428964 1.67897779801272 3.64065492676668 0.770367275220598
3.14691858520826 1.66981123517758 3.64641942733803 0.773769337484395
3.15340682136221 1.66071412247997 3.65212173875962 0.777164138760417
3.15987198834875 1.65168533331097 3.6577627858876 0.780551880801437
3.16631462617399 1.64272377326932 3.66334346702619 0.783932759704495
3.17273525990365 1.63382837884413 3.66886465500251 0.787306966153358
3.1791344002795 1.62499811616722 3.67432719818484 0.790674685647941
3.18551254430384 1.61623197983064 3.67973192144781 0.794036098721549
3.19187017579385 1.60752899176513 3.68507962708816 0.797391381146719
3.19820776590783 1.59888820017578 3.69037109569383 0.800740704130402
3.20452577364508 1.59030867853127 3.69560708696958 0.804084234499148
3.2108246463209 1.58178952460343 3.70078834052165 0.807422134874925
3.2171048200184 1.57332985955399 3.70591557660387 0.81075456384215
3.22336672001833 1.56492882706579 3.71098949682776 0.814081676106461
3.22961076120844 1.55658559251575 3.71601078483852 0.817403622645741
3.23583734847328 1.54829934218714 3.72098010695902 0.820720550853846
3.24204687706589 1.54006928251887 3.72589811280366 0.82403260467747
3.24823973296216 1.53189463938973 3.73076543586372 0.827339924746551
3.25441629319901 1.52377465743549 3.73558269406592 0.830642648498589
3.26057692619721 1.51570859939713 3.74035049030565 0.833940910297224
3.26672199206974 1.50769574549836 3.74506941295625 0.837234841545394
3.27285184291639 1.49973539285091 3.74974003635571 0.840524570793389
3.27896682310556 1.49182685488601 3.75436292127193 0.843810223842069
3.28506726954365 1.48396946081069 3.7589386153478 0.84709192384152
3.291153511933 1.47616255508756 3.76346765352704 0.850369791385397
3.29722587301876 1.46840549693683 3.767950558462 0.853643944601174
3.3032846688254 1.46069765985938 3.77238784090408 0.856914499236538
3.30933020888331 1.45303843117989 3.77678000007801 0.860181568742111
3.31536279644612 1.44542721160883 3.78112752404047 0.863445264350705
3.32138272869902 1.43786341482255 3.78543089002417 0.866705695153283
3.32739029695875 1.43034646706043 3.78969056476778 0.869962968171796
3.33338578686554 1.42287580673821 3.79390700483274 0.87321718842906
3.33936947856739 1.41545088407687 3.79808065690733 0.876468459015808
3.34534164689713 1.40807116074611 3.80221195809882 0.879716881155077
3.35130256154265 1.40073610952188 3.80630133621408 0.882962554264043
3.35725248721042 1.39344521395713 3.81034921002943 0.886205576013444
3.36319168378293 1.38619796806531 3.81435598955 0.889446042384699
3.36912040647006 1.37899387601591 3.81832207625926 0.892684047724835
3.3750389059548 1.37183245184151 3.82224786335916 0.89591968479933
3.38094742853362 1.36471321915584 3.8261337360012 0.899153044842972
3.38684621625156 1.35763571088224 3.82998007150895 0.902384217608818
3.39273550703254 1.35059946899223 3.83378723959243 0.90561329141535
3.39861553480486 1.34360404425353 3.83755560255457 0.908840353191909
3.40448652962226 1.33664899598725 3.84128551549026 0.912065488522488
3.41034871778067 1.3297338918338 3.84497732647825 0.915288781687949
3.41620232193088 1.32285830752709 3.84863137676617 0.918510315706747
3.42204756118729 1.31602182667674 3.85224800094904 0.921730172374226
3.4278846512329 1.30922404055793 3.85582752714154 0.924948432300538
3.43371380442072 1.30246454790847 3.85937027714427 0.928165174947263
3.43953522987175 1.29574295473298 3.86287656660425 0.931380478662775
3.44534913356972 1.28905887411361 3.86634670516999 0.934594420716414
3.45115571845258 1.28241192602733 3.86978099664117 0.937807077331508
3.45695518450107 1.27580173716926 3.87317973911343 0.941018523717309
3.4627477288244 1.26922794078193 3.8765432251182 0.944228834099873
3.4685335457431 1.26269017649018 3.87987174175789 0.947438081751933
3.47431282686927 1.25618809014151 3.88316557083668 0.950646339021819
3.48008576118428 1.24972133365159 3.88642498898697 0.953853677361448
3.485852535114 1.24328956485481 3.88965026779177 0.957060167353428
3.49161333260172 1.23689244735963 3.89284167390306 0.960265878737321
3.49736833517882 1.23052965040847 3.89599946915645 0.963470880435087
3.50311772203323 1.22420084874214 3.89912391068212 0.966675240575746
3.50886167007591 1.21790572246841 3.90221525101229 0.969879026519297
3.51460035400525 1.21164395693479 3.9052737381853 0.973082304879915
3.52033394636958 1.20541524260514 3.90829961584642 0.976285141548452
3.5260626176279 1.19921927494014 3.91129312334558 0.979487601714284
3.53178653620873 1.19305575428142 3.91425449583208 0.982689749886513
3.53750586856739 1.18692438573908 3.91718396434636 0.985891649914563
3.54322077924152 1.18082487908276 3.92008175590906 0.989093365008181
3.54893143090511 1.17475694863583 3.92294809360729 0.992294957756878
3.554637984421 1.16872031317277 3.92578319667841 0.995496490148824
3.56034059889188 1.16271469581955 3.92858728059124 0.998698023589218
3.56603943170995 1.15673982395698 3.93136055712487 1.00189961891816
3.5717346386052 1.15079542912679 3.9341032344452 1.00510133642802
3.57742637369236 1.14488124694044 3.93681551717918 1.00830323588038
3.58311478951667 1.13899701699059 3.93949760648691 1.0115053765225
3.58880003709837 1.13314248276505 3.94214970013164 1.01470781710332
3.59448226597607 1.12731739156311 3.94477199254775 1.01791061588915
3.60016162424899 1.12152149441436 3.94736467490683 1.02111383067881
3.6058382586181 1.11575454599964 3.94992793518182 1.02431751881855
3.61151231442628 1.11001630457422 3.95246195820934 1.02752173721644
3.6171839356974 1.10430653189317 3.95496692575029 1.03072654235654
3.62285326517447 1.09862499313862 3.95744301654876 1.03393199031262
3.62852044435686 1.09297145684916 3.95989040638922 1.03713813676162
3.63418561353663 1.08734569485105 3.96230926815222 1.04034503699674
3.63984891183394 1.08174748219128 3.96469977186849 1.04355274594024
3.64551047723171 1.07617659707247 3.96706208477156 1.04676131815598
3.65117044660936 1.07063282078943 3.96939637134898 1.04997080786159
3.65682895577588 1.06511593766744 3.97170279339209 1.05318126894047
3.66248613950209 1.05962573500214 3.97398151004447 1.0563927549534
3.66814213155216 1.05416200300094 3.97623267784907 1.05960531915
3.67379706471447 1.04872453472602 3.9784564507941 1.06281901447989
3.67945107083177 1.04331312603871 3.98065298035766 1.06603389360364
3.68510428083072 1.03792757554537 3.98282241555121 1.06925000890343
3.69075682475071 1.03256768454461 3.98496490296182 1.07246741249357
3.69640883177221 1.02723325697583 3.98708058679342 1.07568615623075
3.70206043024439 1.02192409936906 3.98916960890685 1.07890629172409
3.70771174771228 1.01664002079608 3.99123210885892 1.08212787034501
3.71336291094335 1.01138083282272 3.9932682239404 1.08535094323689
3.7190140459535 1.00614634946235 3.99527808921311 1.08857556132454
3.72466527803266 1.0009363871305 3.99726183754595 1.09180177532356
3.73031673176977 0.995750764600616 3.99921959965002 1.09502963574937
3.73596853107742 0.990589302960844 4.0011515041129 1.09825919292626
3.74162079921586 0.985451825571906 4.00305767743194 1.10149049699616
3.74727365881675 0.980338158025945 4.00493824404678 1.10472359792728
3.75292723190635 0.975248128106376 4.006793326371 1.10795854552263
3.75858163992836 0.970181565748679 4.00862304482296 1.11119538942836
3.76423700376632 0.965138303002119 4.01042751785589 1.114434179142
3.76989344376569 0.960118173992368 4.01220686198715 1.11767496402049
3.77555107975548 0.955121014884989 4.0139611918268 1.12091779328821
3.78121003106962 0.95014666384978 4.01569062010545 1.12416271604477
3.78687041656783 0.945194961025932 4.01739525770135 1.12740978127272
3.79253235465637 0.940265748487991 4.01907521366686 1.13065903784516
3.79819596330826 0.935358870212593 4.02073059525419 1.13391053453322
3.80386136008334 0.930474172045963 4.02236150794058 1.13716432001346
3.80952866214796 0.925611501672139 4.02396805545273 1.14042044287513
3.8151979862944 0.920770708581915 4.02555033979072 1.14367895162737
3.82086944896002 0.915951644042482 4.02710846125126 1.14693989470626
3.82654316624615 0.911154161067734 4.02864251845039 1.15020332048188
3.83221925393667 0.906378114389244 4.03015260834562 1.15346927726515
3.83789782751644 0.901623360427872 4.03163882625743 1.1567378133147
3.84357900218942 0.89688975726599 4.0331012658904 1.16000897684362
3.84926289289657 0.892177164620329 4.03454001935358 1.1632828160261
3.85494961433357 0.887485443815396 4.03595517718056 1.16655937900405
3.86063928096831 0.882814457757477 4.03734682834893 1.1698387138936
3.86633200705812 0.878164070909196 4.0387150602992 1.17312086879161
3.87202790666694 0.873534149264616 4.0400599589534 1.17640589178199
3.87772709368217 0.868924560324868 4.04138160873302 1.17969383094212
3.88342968183145 0.864335173074301 4.04268009257667 1.18298473434904
3.88913578469918 0.85976585795713 4.04395549195715 1.18627865008572
3.89484551574292 0.855216486854576 4.0452078868982 1.18957562624723
3.9005589883097 0.850686933062482 4.0464373559907 1.19287571094683
3.90627631565205 0.846177071269393 4.04764397640858 1.19617895232203
3.91199761094398 0.84168677753509 4.04882782392424 1.19948539854067
3.91772298729686 0.837215929269566 4.04998897292359 1.20279509780685
3.92345255777503 0.832764405212434 4.05112749642071 1.20610809836686
3.92918643541148 0.828332085412747 4.05224346607212 1.20942444851514
3.93492473322325 0.82391885120924 4.05333695219067 1.2127441966001
3.94066756422684 0.819524585210958 4.05440802375908 1.21606739102997
3.94641504145344 0.815149171278286 4.05545674844312 1.21939408027861
3.95216727796412 0.810792494504346 4.0564831926044 1.22272431289126
3.95792438686493 0.806454441196775 4.0574874213129 1.22605813749034
3.96368648132184 0.80213489885986 4.05846949835905 1.2293956027811
3.96945367457573 0.797833756177023 4.0594294862656 1.23273675755739
3.97522607995721 0.793550902993661 4.06036744629904 1.2360816507073
3.98100381090142 0.789286230300305 4.06128343848085 1.23943033121886
3.98678698096274 0.785039630216125 4.06217752159825 1.24278284818563
3.99257570382948 0.780810995972743 4.06304975321487 1.2461392508124
3.99837009333851 0.776600221898365 4.06390018968088 1.24949958842076
4.00417026348983 0.772407203402213 4.06472888614305 1.25286391045475
4.00997632846115 0.768231836959262 4.06553589655432 1.25623226648643
4.01578840262232 0.764074020095265 4.06632127368326 1.25960470622148
4.02160660054993 0.75993365137206 4.06708506912311 1.26298127950484
4.02743103704166 0.755810630373159 4.06782733330063 1.26636203632622
4.03326182713082 0.751704857689608 4.06854811548465 1.26974702682575
4.0390990861007 0.74761623490611 4.06924746379435 1.27313630129954
4.04494292949906 0.743544664587412 4.06992542520731 1.27652991020529
4.05079347315251 0.73949005026494 4.07058204556722 1.27992790416785
4.05665083318095 0.735452296423684 4.07121736959145 1.28333033398487
4.062515126012 0.731431308489329 4.07183144087829 1.28673725063239
4.06838646839545 0.727426992815621 4.07242430191396 1.29014870527043
4.07426497741768 0.723439256671956 4.07299599407938 1.29356474924868
4.08015077051621 0.719468008231211 4.07354655765671 1.29698543411208
4.08604396549413 0.715513156557785 4.07407603183568 1.30041081160655
4.0919446805347 0.711574611595859 4.07458445471956 1.30384093368459
4.09785303421588 0.707652284157875 4.07507186333111 1.30727585251103
4.10376914552495 0.703746085913208 4.07553829361808 1.31071562046872
4.10969313387319 0.699855929377056 4.07598378045867 1.31416029016428
4.11562511911056 0.69598172789952 4.07640835766665 1.31760991443383
4.12156522154047 0.692123395654882 4.0768120579963 1.32106454634883
4.1275135619346 0.688280847631066 4.07719491314714 1.3245242392218
4.13347026154779 0.684453999619298 4.07755695376844 1.32798904661227
4.13943544213297 0.680642768203935 4.07789820946352 1.33145902233255
4.14540922595619 0.676847070752482 4.07821870879382 1.3349342204537
4.15139173581173 0.673066825405775 4.0785184792828 1.33841469531144
4.15738309503728 0.669301951068346 4.07879754741957 1.34190050151209
4.16338342752921 0.665552367398944 4.07905593866243 1.34539169393864
4.16939285775791 0.661817994801227 4.07929367744204 1.34888832775674
4.17541151078328 0.658098754414613 4.07951078716458 1.35239045842082
4.18143951227026 0.654394568105288 4.07970729021452 1.3558981416802
4.18747698850453 0.650705358457369 4.07988320795737 1.35941143358527
4.19352406640823 0.647031048764214 4.0800385607421 1.3629303904937
4.19958087355591 0.643371563019889 4.08017336790341 1.36645506907671
4.2056475381905 0.639726825910767 4.08028764776383 1.36998552632541
4.21172418923946 0.636096762807284 4.08038141763563 1.3735218195571
4.21781095633107 0.63248129975582 4.08045469382243 1.37706400642176
4.22390796981078 0.628880363470728 4.0805074916208 1.38061214490848
4.23001536075783 0.625293881326489 4.08053982532152 1.384166293352
4.23613326100185 0.621721781350002 4.0805517082107 1.38772651043931
4.24226180313979 0.618163992213004 4.08054315257073 1.39129285521628
4.24840112055287 0.61462044322461 4.08051416968103 1.39486538709437
4.25455134742372 0.611091064323984 4.0804647698186 1.39844416585742
4.26071261875378 0.607575786073128 4.08039496225839 1.40202925166849
4.26688507038071 0.604074539649786 4.08030475527347 1.40562070507676
4.27306883899615 0.600587256840476 4.08019415613505 1.40921858702448
4.27926406216352 0.597113870033622 4.08006317111229 1.4128229588541
4.28547087833611 0.593654312212812 4.07991180547189 1.4164338823153
4.29168942687531 0.590208516950153 4.07974006347758 1.42005141957227
4.29791984806907 0.586776418399751 4.07954794838933 1.42367563321093
4.30416228315053 0.583357951291276 4.07933546246241 1.42730658624633
4.31041687431691 0.579953050923653 4.0791026069463 1.43094434213006
4.31668376474861 0.576561653158839 4.07884938208336 1.43458896475781
4.3229630986285 0.573183694415706 4.07857578710735 1.43824051847695
4.32925502116145 0.569819111664027 4.0782818202417 1.44189906809428
4.33555967859416 0.566467842418552 4.07796747869769 1.44556467888377
4.34187721823516 0.563129824733182 4.07763275867236 1.44923741659446
4.34820778847509 0.559804997195239 4.07727765534627 1.4529173474585
4.35455153880724 0.556493298919821 4.07690216288103 1.45660453819916
4.36090861984836 0.553194669544253 4.07650627441671 1.46029905603904
4.36727918335973 0.549909049222626 4.07608998206898 1.4640009687084
4.37366338226853 0.546636378620419 4.0756532769261 1.46771034445349
4.38006137068944 0.54337659890921 4.07519614904572 1.47142725204508
4.38647330394665 0.54012965176147 4.07471858745143 1.47515176078711
4.39289933859601 0.53689547934544 4.07422058012922 1.47888394052535
4.39933963244764 0.533674024320088 4.07370211402362 1.4826238616563
4.40579434458879 0.530465229830145 4.07316317503373 1.48637159513613
4.41226363540699 0.527269039501221 4.072603748009 1.49012721248979
4.41874766661364 0.524085397434999 4.07202381674481 1.49389078582019
4.42524660126779 0.520914248204502 4.07142336397793 1.49766238781758
4.43176060380044 0.517755536849435 4.07080237138159 1.50144209176898
4.43828984003908 0.514609208871603 4.07016081956058 1.50522997156783
4.44483447723261 0.511475210230396 4.0694986880459 1.50902610172371
4.45139468407671 0.508353487338352 4.06881595528943 1.51283055737223
4.45797063073951 0.505243987056781 4.06811259865817 1.51664341428506
4.46456248888774 0.502146656691465 4.06738859442842 1.52046474888012
4.47117043171318 0.499061443988421 4.0666439177797 1.52429463823188
4.47779463395963 0.495988297129734 4.06587854278839 1.52813316008188
4.48443527195025 0.492927164729452 4.06509244242123 1.53198039284933
4.49109252361537 0.489877995829546 4.06428558852853 1.53583641564193
4.49776656852068 0.486840739895935 4.06345795183721 1.53970130826686
4.50445758789597 0.483815346814572 4.06260950194356 1.54357515124188
4.51116576466427 0.480801766887593 4.06174020730579 1.54745802580663
4.51789128347151 0.477799950829523 4.06085003523632 1.55135001393417
4.52463433071663 0.474809849763546 4.05993895189388 1.55525119834258
4.53139509458227 0.471831415217828 4.0590069222753 1.55916166250688
4.53817376506588 0.468864599121907 4.0580539102071 1.56308149067101
4.54497053401143 0.465909353803127 4.05707987833681 1.56701076786007
4.55178559514162 0.462965631983141 4.05608478812407 1.5709495798928
4.55861914409072 0.460033386774461 4.05506859983138 1.57489801339417
4.56547137843784 0.457112571677065 4.05403127251473 1.57885615580821
4.57234249774092 0.454203140575056 4.05297276401382 1.58282409541113
4.57923270357127 0.451305047733382 4.05189303094212 1.5868019213245
4.58614219954868 0.448418247794594 4.0507920286766 1.59078972352882
4.5930711913772 0.445542695775666 4.04966971134717 1.59478759287717
4.60001988688157 0.442678347064866 4.04852603182591 1.59879562110923
4.60698849604426 0.439825157418672 4.04736094171593 1.60281390086541
4.61397723104324 0.436983082958739 4.04617439133997 1.6068425257013
4.62098630629037 0.434152080168914 4.04496632972874 1.61088159010235
4.62801593847061 0.431332105892307 4.04373670460888 1.61493118949882
4.63506634658181 0.428523117328396 4.04248546239068 1.61899142028094
4.64213775197533 0.425725072030187 4.04121254815545 1.62306237981437
4.64923037839746 0.422937927901425 4.0399179056426 1.62714416645599
4.65634445203147 0.420161643193836 4.03860147723636 1.63123687956981
4.66348020154064 0.417396176504432 4.03726320395221 1.63534061954336
4.67063785811196 0.414641486772844 4.03590302542293 1.63945548780423
4.67781765550077 0.411897533278713 4.03452087988434 1.64358158683695
4.68501983007618 0.409164275639115 4.03311670416069 1.64771902020021
4.69224462086744 0.406441673806032 4.03169043364965 1.65186789254432
4.69949226961116 0.403729688063867 4.03024200230704 1.6560283096291
4.70676302079951 0.401028279027002 4.02877134263104 1.66020037834196
4.71405712172928 0.39833740763739 4.02727838564617 1.66438420671645
4.72137482255204 0.3956570351622 4.02576306088677 1.66857990395104
4.72871637632517 0.392987123191493 4.02422529638018 1.67278758042833
4.73608203906401 0.390327633635941 4.02266501862945 1.67700734773461
4.74347206979497 0.38767852872459 4.02108215259569 1.68123931867973
4.75088673060984 0.385039771002655 4.01947662167993 1.68548360731742
4.75832628672106 0.382411323329359 4.01784834770469 1.68974032896596
4.76579100651822 0.379793148875813 4.01619725089496 1.69400960022924
4.77328116162571 0.377185211122927 4.01452324985883 1.69829153901826
4.7807970269615 0.374587473859364 4.01282626156764 1.70258626457301
4.78833888079722 0.371999901179531 4.01110620133567 1.70689389748481
4.79590700481944 0.369422457481608 4.00936298279938 1.71121455971902
4.80350168419227 0.366855107465611 4.00759651789609 1.71554837463831
4.81112320762125 0.364297816131491 4.00580671684226 1.71989546702626
4.81877186741861 0.361750548777279 4.00399348811121 1.72425596311152
4.82644795956995 0.359213270997252 4.00215673841033 1.72862999059243
4.83415178380226 0.356685948680146 4.00029637265776 1.7330176786621
4.84188364365353 0.354168548007401 3.99841229395858 1.73741915803403
4.84964384654374 0.351661035451442 3.99650440358031 1.74183456096826
4.8574327038475 0.349163377773992 3.99457260092805 1.74626402129797
4.86525053096819 0.346675542024421 3.99261678351883 1.75070767445676
4.87309764741379 0.344197495538137 3.99063684695552 1.75516565750635
4.88097437687435 0.341729205934996 3.98863268490008 1.75963810916493
4.88888104730119 0.339270641117762 3.98660418904614 1.76412516983611
4.89681799098786 0.336821769270589 3.98455124909105 1.76862698163837
4.90478554465294 0.334382558857546 3.98247375270717 1.7731436884353
4.91278404952463 0.331952978621168 3.98037158551258 1.77767543586626
4.92081385142735 0.329532997581042 3.97824463104106 1.7822223713779
4.92887530087026 0.327122585032435 3.97609277071138 1.7867846442562
4.93696875313777 0.32472171054494 3.97391588379584 1.79136240565923
4.9450945683822 0.322330343961168 3.97171384738819 1.79595580865065
4.9532531117185 0.319948455395465 3.96948653637063 1.80056500823391
4.96144475332127 0.317576015232668 3.96723382338017 1.80519016138717
4.96966986852388 0.315212994126886 3.96495557877414 1.80983142709898
4.97792883792013 0.312859363000323 3.96265167059491 1.81448896640477
4.98622204746806 0.310515093042125 3.96032196453376 1.81916294242413
4.99454988859641 0.308180155707263 3.95796632389388 1.82385352039887
5.00291275831351 0.305854522715452 3.95558460955257 1.82856086773199
5.01131105931881 0.303538166050092 3.95317667992245 1.83328515402746
5.01974520011705 0.301231057957257 3.95074239091181 1.83802655113094
5.0282155951352 0.298933170944701 3.94828159588397 1.84278523317134
5.03672266484229 0.296644477780904 3.94579414561569 1.84756137660342
5.04526683587204 0.294364951494152 3.94327988825461 1.85235516025125
5.05384854114862 0.292094565371643 3.94073866927562 1.85716676535274
5.06246822001543 0.289833292958633 3.93817033143619 1.86199637560519
5.07112631836706 0.287581108057604 3.93557471473063 1.86684417721178
5.07982328878456 0.285337984727478 3.93295165634325 1.87171035892928
5.08855959067411 0.283103897282854 3.93030099060036 1.8765951121168
5.0973356904091 0.280878820293277 3.9276225489211 1.88149863078563
5.10615206147586 0.278662728582547 3.92491615976709 1.88642111165038
5.11500918462305 0.276455597228055 3.92218164859081 1.89136275418115
5.12390754801489 0.274257401560151 3.91941883778274 1.89632376065712
5.13284764738824 0.272068117161554 3.91662754661717 1.90130433622129
5.14182998621387 0.269887719866783 3.91380759119667 1.90630468893655
5.15085507586172 0.26771618576163 3.91095878439521 1.91132502984317
5.15992343577063 0.265553491182663 3.90808093579978 1.91636557301756
5.16903559362238 0.263399612716765 3.90517385165066 1.92142653563258
5.17819208552037 0.261254527200703 3.90223733478007 1.92650813801923
5.18739345617303 0.259118211720738 3.89927118454937 1.9316106037299
5.19664025908203 0.256990643612259 3.89627519678458 1.93673415960317
5.20593305673561 0.254871800459465 3.89324916371033 1.94187903583021
5.21527242080705 0.252761660095069 3.89019287388209 1.94704546602285
5.22465893235843 0.250660200600044 3.88710611211667 1.9522336872833
5.23409318205009 0.248567400303407 3.88398865942088 1.95744394027572
5.24357577035559 0.246483237782031 3.88084029291847 1.96267646929951
5.25310730778273 0.244407691860499 3.877660785775 1.96793152236451
5.26268841510058 0.242340741610993 3.87444990712092 1.97320935126809
5.27231972357279 0.240282366353221 3.87120742197251 1.97851021167428
5.28200187519747 0.238232545654376 3.86793309115078 1.98383436319485
5.29173552295371 0.23619125932914 3.86462667119829 1.98918206947258
5.30152133105508 0.234158487439723 3.86128791429362 1.99455359826666
5.31135997521031 0.232134210295937 3.85791656816374 1.99994922154033
5.32125214289137 0.230118408455316 3.85451237599385 2.00536921555084
5.33119853360924 0.228111062723269 3.85107507633495 2.01081386094179
5.34119985919759 0.226112154153276 3.8476044030088 2.01628344283794
5.35125684410473 0.224121664047124 3.84410008501035 2.02177825094253
5.361370225694 0.222139573955188 3.84056184640755 2.02729857963727
5.37154075455292 0.220165865676745 3.83698940623829 2.03284472808498
5.38176919481157 0.218200521260336 3.83338247840461 2.03841700033506
5.39205632447025 0.216243523004174 3.82974077156399 2.04401570543185
5.40240293573694 0.214294853456586 3.82606398901747 2.04964115752595
5.41280983537494 0.212354495416511 3.82235182859487 2.05529367598863
5.42327784506081 0.210422431934033 3.81860398253655 2.06097358552943
5.43380780175334 0.208498646310963 3.81482013737202 2.06668121631702
5.44440055807358 0.206583122101473 3.810999973795 2.07241690410353
5.45505698269666 0.204675843112767 3.80714316653493 2.07818099035231
5.46577796075558 0.202776793405809 3.80324938422483 2.08397382236937
5.47656439425752 0.200885957296095 3.79931828926533 2.08979575343858
5.48741720251323 0.19900331935448 3.79534953768474 2.09564714296079
5.49833732257976 0.197128864408047 3.79134277899508 2.10152835659688
5.5093257097172 0.195262577541037 3.78729765604389 2.10743976641508
5.52038333785997 0.19340444409583 3.78321380486165 2.11338175104253
5.5315112001031 0.191554449673973 3.77909085450468 2.11935469582135
5.54271030920411 0.189712580137272 3.77492842689343 2.1253589929693
5.55398169810119 0.187878821608936 3.77072613664583 2.13139504174524
5.56532642044814 0.186053160474779 3.7664835909057 2.13746324861954
5.5767455511669 0.184235583384479 3.76220038916593 2.1435640274496
5.58824018701819 0.1824260772529 3.75787612308631 2.1496977996608
5.59981144719113 0.180624629261473 3.75351037630574 2.1558649944328
5.61146047391242 0.17883122685964 3.74910272424868 2.16206604889169
5.62318843307605 0.177045857766363 3.7446527339256 2.16830140830805
5.63499651489423 0.175268509971698 3.74015996372725 2.17457152630106
5.64688593457041 0.173499171738436 3.73562396321241 2.18087686504917
5.65885793299535 0.17173783160381 3.731044272889 2.1872178955072
5.67091377746711 0.169984478381282 3.72642042398829 2.19359509763044
5.68305476243604 0.168239101162387 3.72175193823176 2.20000896060586
5.69528221027567 0.166501689318668 3.7170383275907 2.20645998309065
5.70759747208068 0.164772232503669 3.71227909403779 2.21294867345855
5.72000192849312 0.163050720655024 3.70747372929087 2.21947555005412
5.73249699055788 0.16133714399661 3.70262171454809 2.22604114145531
5.74508410060893 0.159631493040794 3.69772252021456 2.23264598674466
5.75776473318742 0.157933758590754 3.69277560561979 2.23929063578947
5.77054039599313 0.156243931742897 3.68778041872581 2.24597564953131
5.78341263087061 0.154562003889356 3.68273639582547 2.25270160028519
5.79638301483175 0.152887966720585 3.67764296123058 2.25946907204885
5.80945316111605 0.151221812228044 3.67249952694942 2.26627866082254
5.82262472029059 0.149563532706983 3.66730549235329 2.27313097493973
5.83589938139122 0.147913120759325 3.66206024383153 2.28002663540916
5.84927887310695 0.14627056929665 3.65676315443459 2.28696627626877
5.86276496500951 0.144635871543283 3.65141358350472 2.29395054495201
5.87635946882998 0.143009021039496 3.64601087629365 2.30098010266687
5.89006423978492 0.141390011644814 3.64055436356673 2.30805562478847
5.90388117795394 0.139778837541443 3.63504336119306 2.3151778012655
5.91781222971145 0.138175493237814 3.62947716972089 2.3223473370413
5.93185938921487 0.136579973572243 3.6238550739377 2.32956495249007
5.9460246999521 0.134992273716732 3.61817634241431 2.33683138386897
5.96031025635105 0.133412389180882 3.61244022703234 2.34414738378679
5.97471820545413 0.131840315815957 3.60664596249423 2.35151372168982
5.98925074866098 0.130276049819075 3.6007927658151 2.35893118436584
6.00391014354258 0.128719587737545 3.59487983579558 2.36640057646689
6.01869870573042 0.127170926473359 3.58890635247489 2.37392272105176
6.03361881088425 0.125630063287825 3.58287147656311 2.38149846014908
6.04867289674256 0.124096995806367 3.57677434885176 2.38912865534188
6.06386346525964 0.122571722023488 3.57061408960177 2.39681418837475
6.07919308483391 0.121054240307894 3.56438979790769 2.40455596178443
6.09466439263193 0.119544549407806 3.55810055103703 2.41235489955518
6.11028009701311 0.118042648456439 3.55174540374371 2.42021194779986
6.12604298006037 0.11654853697768 3.54532338755419 2.42812807546814
6.14195590022218 0.115062214891954 3.53883351002514 2.43610427508292
6.1580217950719 0.113583682522293 3.53227475397118 2.44414156350653
6.1742436841907 0.112112940600615 3.52564607666134 2.45224098273806
6.19062467218056 0.110649990274213 3.51894640898259 2.46040360074321
6.20716795181442 0.10919483311248 3.51217465456896 2.46863051231857
6.22387680733098 0.107747471113853 3.50532968889445 2.47692283999171
6.24075461788202 0.106307906713012 3.4984103583279 2.4852817349591
6.25780486114076 0.104876142788316 3.49141547914806 2.49370837806363
6.27503111708019 0.103452182669512 3.48434383651663 2.50220398081387
6.2924370719309 0.102036030145705 3.47719418340724 2.51076978644707
6.3100265223288 0.100627689473618 3.46996523948817 2.51940707103822
6.32780337966333 0.099227165386134 3.46265568995619 2.52811714465769
6.34577167463804 0.0978344631011505 3.45526418431913 2.53690135257973
6.36393556205572 0.0964495883307477 3.44778933512444 2.54576107654483
6.38229932584141 0.0950725472906844 3.44022971663079 2.55469773607854
6.40086738431742 0.0937033467102386 3.43258386341971 2.56371278987007
6.41964429574542 0.092341993842404 3.42485026894396 2.57280773721364
6.43863476415184 0.090988496474459 3.41702738400927 2.58198411951628
6.45784364545384 0.0896428629389234 3.40911361518559 2.5912435218755
6.47727595390447 0.0883051021249192 3.40110732314409 2.600587574731
6.49693686887678 0.0869752234899533 3.39300682091569 2.61001795559437
6.51683174200831 0.0856532370721401 3.38481037206658 2.61953639086129
6.53696610472883 0.0843391535028843 3.37651618878609 2.62914465771103
6.55734567619589 0.083032984020042 3.36812242988177 2.6388445860982
6.57797637166456 0.0817347404815852 3.3596271986763 2.64863806084212
6.59886431131991 0.0804444353797882 3.35102854080047 2.65852702381976
6.62001582960268 0.0791620818559638 3.34232444187594 2.6685134762681
6.64143748506112 0.0778876937157712 3.33351282508139 2.67859948120285
6.66313607076459 0.076621285445125 3.3245915485947 2.68878716596019
6.68511862531714 0.0753628722267313 3.31555840290384 2.69907872486944
6.70739244451239 0.0741124699572824 3.30641110797822 2.7094764220645
6.72996509367452 0.0728700952653404 3.29714731029184 2.71998259444283
6.75284442073354 0.0716357655299441 3.28776457968882 2.73059965478125
6.77603857008722 0.0704094988999738 3.2782604060815 2.74133009501854
6.79955599730615 0.0691913143143115 3.26863219597003 2.75217648971566
6.82340548474349 0.0679812315228366 3.25887726877218 2.763141499705
6.84759615811582 0.0667792711082987 3.2489928529506 2.77422787594111
6.87213750412741 0.0655854545091124 3.23897608192445 2.78543846356645
6.89703938921664 0.0643998040431218 3.22882398975062 2.79677620620627
6.92231207950974 0.0632223429323838 3.21853350655914 2.80824415050849
6.94796626207527 0.0620530953290256 3.20810145372596 2.81984545094503
6.97401306758048 0.0608920863422312 3.19752453876477 2.831583374893
7.00046409446044 0.0597393420664193 3.18679934991845 2.84346130801514
7.02733143472068 0.0585948896106753 3.17592235042861 2.85548275996072
7.0546277015056 0.057458757129508 3.16488987246057 2.86765137040993
7.08236605857716 0.056330973855002 3.15369811065849 2.87997091548652
7.11056025186237 0.055211570130445 3.1423431153039 2.89244531456566
7.13922464324342 0.0541005774455141 3.13082078504812 2.90507863750638
7.16837424678118 0.0529980284731074 3.11912685918674 2.91787511234017
7.19802476758198 0.0519039571079188 3.10725690944147 2.93083913345062
7.22819264353859 0.0508183985068556 3.09520633121169 2.94397527028146
7.25889509019977 0.0497413891314082 3.08297033425446 2.95728827661415
7.29015014904943 0.0486729667920889 3.07054393274819 2.97078310045974
7.32197673950541 0.0476131706950628 3.05792193469114 2.98446489461381
7.3543947149813 0.0465620414911065 3.04509893058104 2.99833902792787
7.38742492339134 0.0455196213270356 3.03206928131745 3.01241109735552
7.4210892725204 0.0444859538997577 3.01882710526276 3.02668694083749
7.45541080072739 0.0434610845131134 3.00536626439151 3.04117265109538
7.49041375350368 0.0424450601376852 2.99168034945098 3.05587459041134
7.52612366646714 0.0414379294737642 2.97776266404832 3.07079940647793
7.56256745544023 0.0404397430176814 2.96360620757103 3.0859540494113
7.59977351433657 0.0394505531317247 2.94920365683816 3.10134579003013
7.63777182166723 0.0384704141178816 2.93454734636906 3.11698223951307
7.67659405657641 0.0374993822956642 2.91962924714477 3.13287137055958
7.71627372542855 0.0365375160842974 2.90444094372398 3.14902154019173
7.75684630009695 0.0355848760895691 2.88897360956069 3.16544151434975
7.79834936925074 0.0346415251956696 2.87321798035423 3.18214049445011
7.84082280410512 0.033707528662372 2.85716432524368 3.19912814609396
7.88430894029285 0.0327829542279348 2.84080241563784 3.21641463013424
7.92885277773762 0.0318678722181413 2.82412149144837 3.2340106363335
7.97450220066629 0.0309623556619235 2.80711022446704 3.25192741987105
8.0213082201943 0.0300664804140565 2.78975667859816 3.27017684098779
8.06932524226282 0.0291803252854543 2.77204826662319 3.28877140809137
8.1186113641065 0.0283039721816385 2.75397170313587 3.3077243246825
8.16922870289795 0.0274375062500063 2.73551295324285 3.32704954050715
8.22124376076029 0.026581016036576 2.71665717657448 3.34676180738895
8.27472783097897 0.0257345936529509 2.69738866609431 3.36687674025274
8.32943932854595 0.0248983349543042 2.67769078113093 3.38741088391477
8.38508042236431 0.0240770149757318 2.65766197357221 3.40826101145207
8.44146387738489 0.023275519238597 2.63741914361176 3.42930533714966
8.49847390531694 0.0224964668360547 2.61703671956616 3.45046681359779
8.55600553077043 0.0217410860765843 2.59656184640044 3.47169706752298
8.6137373755119 0.0210101999012076 2.57603672971753 3.49295307038127
8.67147497814181 0.0203069875135917 2.55557896888047 3.51411404360595
8.7291051364734 0.0196325535700413 2.53525849384394 3.53510895258603
8.78656568357722 0.0189867961442565 2.51511497878043 3.55589822507532
8.84382598063031 0.0183689452305892 2.49516927981416 3.57646177495526
8.90087453404087 0.0177778873082542 2.47543075929438 3.59679135339737
8.95771122856285 0.0172123562687041 2.45590189737435 3.61688574635696
9.01434250366913 0.0166710428961445 2.43658115954753 3.63674779755633
9.07077838675421 0.0161526555717552 2.41746476070359 3.65638258372466
9.12703068878248 0.0156559521946762 2.39854773848064 3.6757963093247
9.18311192309056 0.0151797553744483 2.37982459772758 3.69499564689799
9.2390346713456 0.0147229580846079 2.36128969045602 3.71398735145938
9.29481122413289 0.0142845240255249 2.34293743376883 3.73277804220566
9.35045338877875 0.0138634851820188 2.32476242932807 3.75137408548992
9.40597239782774 0.0134589380124706 2.30675952360595 3.76978153838159
9.46137887707959 0.0130700390858866 2.28892383303748 3.78800612787664
9.5166828479611 0.0126960006190025 2.27125074882117 3.80605325055984
9.57189374886122 0.012336086153238 2.25373593032397 3.8239279835228
9.62702046615691 0.0119896064890635 2.23637529248128 3.84163510102966
9.68207136941764 0.0116559159261227 2.2191649903955 3.85917909367839
9.7370543475841 0.0113344088192883 2.20210140300037 3.87656418818035
9.79197684432282 0.011024516440692 2.18518111684789 3.89379436671142
9.84684589160758 0.0107257041279796 2.16840091058596 3.91087338528607
9.90166814108416 0.0104374686950792 2.15175774040511 3.92780479089982
9.95644989307052 0.0101593360809982 2.13524872656269 3.94459193735632
10.0111971232111 0.00989085921305678 2.11887114099694 3.96123799979001
10.065915506894 0.00963161606265385 2.10262239599042 3.97774598794693
10.1206104415827 0.009381207873653 2.08650003381687 3.99411875830948
10.1752870672308 0.00913925754550971 2.0705017172939 4.0103590251606
10.2299502849491 0.00890540815520363 2.05462522116231 4.0264693706825
10.2846047740886 0.0086793216038238 2.03886842421502 4.04245225418116
10.3392550078879 0.00846067737526188 2.02322930210384 4.05831002052091
10.3939052678264 0.00824917139589784 2.00770592075777 4.07404490784635
10.448559656807 0.00804451498542327 1.99229643035341 4.08965905466118
10.5032221112807 0.00784643389005661 1.97699905978333 4.10515450632662
10.5578964124152 0.00765466739037694 1.96181211157442 4.12053322103521
10.6125861963975 0.00746896747685637 1.94673395721303 4.13579707531012
10.6672949639507 0.00728909808691915 1.93176303283845 4.15094786907464
10.7220260891388 0.00711483439801309 1.91689783527043 4.16598733033157
10.7767828275226 0.00694596217175671 1.9021369183399 4.18091711948835
10.8315683237256 0.00678227714473489 1.88747888949563 4.19573883335964
10.886385618462 0.00662358446196482 1.87292240666202 4.21045400887602
10.9412376550731 0.00646969814945182 1.8584661753261 4.22506412652446
10.9961272856139 0.00632044062260602 1.84410894583385 4.23957061354355
11.0510572765287 0.0061756422276037 1.8298495108781 4.25397484689431
11.106030313949 0.00603514081305463 1.81568670316176 4.26827815602519
11.1610490086449 0.0058987813295842 1.80161939322211 4.28248182544832
11.2161159006583 0.00576641545516034 1.78764648740282 4.29658709714203
11.2712334636423 0.00563790124419221 1.77376692596199 4.31059517279383
11.3264041089312 0.00551310279860496 1.75997968130536 4.32450721589605
11.3816301893605 0.00539188995925354 1.7462837563349 4.33832435370586
11.4369140028578 0.00527413801618079 1.73267818290397 4.35204767907986
11.4922577958198 0.00515972743635394 1.71916202037088 4.36567825219278
11.5476637662934 0.00504854360762903 1.70573435424351 4.37921710214887
11.6031340669735 0.00494047659779735 1.69239429490821 4.392665228494
11.658670808033 0.0048354209276626 1.67914097643683 4.40602360263552
11.7142760597946 0.00473327535718276 1.6659735554663 4.41929316917653
11.7699518552578 0.00463394268378852 1.65289121014546 4.43247484717076
11.8257001924903 0.00453732955206036 1.63989313914455 4.4455695313034
11.8815230368931 0.00444334627401036 1.62697856072284 4.45857809300316
11.9374223233491 0.00435190665927336 1.61414671185054 4.4715013814902
11.9933999582617 0.00426292785456481 1.60139684738122 4.48434022476422
12.049457821492 0.0041763301918115 1.58872823927133 4.49709543053686
12.1055977682013 0.00409203704440538 1.57614017584374 4.50976778711187
12.1618216306048 0.00400997469107134 1.56363196109232 4.52235806421661
12.2181312196422 0.00393007218687665 1.55120291402507 4.53486701378806
12.2745283265719 0.00385226124094412 1.53885236804301 4.54729537071606
12.3310147244921 0.00377647610046192 1.52657967035284 4.55964385354671
12.3875921697951 0.00370265344061169 1.51438418141111 4.57191316514829
12.4442624035578 0.00363073226006307 1.50226527439793 4.58410399334202
12.5010271528739 0.00356065378170681 1.49022233471836 4.59621701149995
12.55788813213 0.00349236135832107 1.47825475952992 4.60825287911177
12.6148470442305 0.00342580038288611 1.46636195729446 4.62021224232267
12.6719055817736 0.00336091820328149 1.45454334735305 4.63209573444368
12.7290654281824 0.00329766404111751 1.44279835952248 4.64390397643641
12.786328258793 0.00323598891446889 1.43112643371204 4.6556375773735
12.843695741903 0.00317584556429359 1.41952701955951 4.66729713487621
12.9011695397826 0.00311718838433368 1.40799957608511 4.67888323553057
12.9587513096513 0.00305997335430796 1.39654357136251 4.69039645528319
13.0164427046211 0.0030041579762182 1.38515848220583 4.70183735981796
13.0742453746094 0.00294970121360161 1.37384379387173 4.71320650491468
13.1321609672237 0.00289656343357281 1.36259899977585 4.72450443679059
13.1901911286188 0.00284470635150799 1.35142360122263 4.73573169242587
13.2483375043298 0.00279409297823279 1.34031710714797 4.74688879987381
13.3066017400804 0.00274468756958403 1.32927903387382 4.75797627855661
13.364985482571 0.00269645557822272 1.31830890487425 4.76899463954754
13.4234903802454 0.00264936360758348 1.30740625055225 4.77994438584018
13.4821180840382 0.00260337936785174 1.29657060802668 4.79082601260548
13.5408702481059 0.00255847163386685 1.28580152092897 4.80164000743717
13.5997485305404 0.00251461020485465 1.27509853920892 4.81238685058623
13.6587545940673 0.00247176586589893 1.26446121894914 4.82306701518497
13.7178901067311 0.00242991035106599 1.25388912218775 4.83368096746119
13.7771567425666 0.00238901630810164 1.24338181674889 4.84422916694302
13.836556182258 0.0023490572646242 1.23293887608057 4.85471206665481
13.8960901137882 0.00231000759574145 1.22255987909963 4.86513011330464
13.9557602330765 0.00227184249302334 1.21224441004327 4.87548374746372
14.0155682446087 0.00223453793476598 1.20199205832698 4.88577340373827
14.0755158620572 0.00219807065748602 1.1918024184085 4.89599951093402
14.1356048088954 0.00216241812858761 1.18167508965747 4.90616249221395
14.1958368190033 0.00212755852014732 1.17160967623053 4.91626276524933
14.2562136372694 0.00209347068376527 1.16160578695161 4.92630074236464
14.3167370201856 0.00206013412643338 1.15166303519715 4.93627683067643
14.377408736438 0.0020275289873743 1.141781038786 4.94619143222664
14.4382305674947 0.00199563601580685 1.13195941987381 4.9560449441104
14.4992043081894 0.00196443654959617 1.12219780485167 4.96583775859875
14.5603317673026 0.00193391249474879 1.11249582424876 4.9755702632565
14.6216147681417 0.00190404630571515 1.10285311263898 4.98524284105532
14.6830551491184 0.00187482096646338 1.09326930855112 4.99485587048243
14.7446547643269 0.00184621997229075 1.0837440543827 5.00440972564503
14.8064154841205 0.00181822731234007 1.07427699631703 5.01390477637065
14.8683391956896 0.00179082745279066 1.06486778424357 5.02334138830365
14.9304278036405 0.00176400532069429 1.05551607168134 5.03271992299798
14.992683230575 0.00173774628842864 1.04622151570517 5.04204073800642
15.055107417673 0.00171203615874153 1.03698377687485 5.05130418696642
15.117702325277 0.0016868611503609 1.02780251916688 5.06051061968277
15.1804699334796 0.00166220788414644 1.01867740990881 5.06966038220706
15.2434122427153 0.00163806336976013 1.00960811971595 5.07875381691431
15.3065312743555 0.00161441499283379 1.00059432243053 5.08779126257665
15.3698290713086 0.00159125050261304 0.991635695062987 5.09677305443441
15.433307698625 0.00156855800005769 0.982731917735434 5.10569952426452
15.4969692441079 0.00154632592637992 0.973882673627175 5.11457100044646
15.5608158189296 0.00152454305200211 0.965087648922177 5.12338780802583
15.6248495582552 0.00150319846591714 0.956346532758417 5.13215026877568
15.6890726218726 0.0014822815654349 0.947659017179029 5.14085870125555
15.7534871948305 0.00146178204629925 0.939024797085182 5.14951342086853
15.818095488084 0.00144168989316051 0.930443570190606 5.15811473991625
15.8828997391498 0.00142199537038931 0.92191503697771 5.16666296765192
15.947902212769 0.00140268901321803 0.913438900655223 5.17515841033157
16.0131052015804 0.00138376161919693 0.905014867117294 5.18360137126352
16.0785110268039 0.00136520423995244 0.896642644904001 5.19199215085606
16.144122038934 0.00134700817323573 0.888321945163204 5.20033104666357
16.2099406184449 0.00132916495525026 0.880052481613697 5.20861835343107
16.2759691765071 0.00131166635324727 0.871833970509608 5.21685436313716
16.3422101557159 0.00129450435837892 0.86366613060599 5.22503936503565
16.4086660308331 0.00127767117879909 0.85554868312557 5.23317364569564
16.4753393095422 0.0012611592330023 0.847481351726609 5.2412574890404
16.5422325332166 0.00124496114339153 0.839463862471819 5.2492911763848
16.6093482777031 0.00122906973006641 0.831495943798322 5.25727498647163
16.6766891541202 0.00121347800482317 0.823577326488585 5.26520919550661
16.744257809672 0.0011981791653585 0.815707743642319 5.27309407719234
16.8120569284787 0.00118316658966951 0.807886930649297 5.28092990276105
16.8800892324236 0.00116843383064259 0.800114625163052 5.28871694100632
16.9483574820179 0.00115397461082387 0.79239056707544 5.29645545831375
17.0168644772841 0.00113978281736479 0.784714498492023 5.30414571869063
17.0856130586578 0.00112585249713611 0.777086163708255 5.31178798379462
17.1546061079094 0.00111217785200411 0.769505309186434 5.31938251296158
17.2238465490865 0.00109875323426321 0.761971683533401 5.32692956323235
17.2933373494768 0.00108557314221907 0.754485037478965 5.33442938937883
17.3630815205935 0.00107263221591677 0.747045123855014 5.34188224392908
17.4330821191831 0.00105992523300888 0.73965169757531 5.34928837719169
17.5033422482566 0.00104744710475815 0.732304515615938 5.35664803727932
17.5738650581458 0.00103519287217011 0.725003336996378 5.36396147013147
17.6446537475835 0.00102315770225098 0.717747922761203 5.37122891953656
17.7157115648115 0.00101133688438616 0.710538035962366 5.37845062715326
17.7870418087137 0.000999725826835261 0.703373441642066 5.38562683253111
17.8586478299795 0.000988320053339357 0.696253906816175 5.3927577731305
17.930533032294 0.000977115199836592 0.689179200458211 5.39984368434197
18.0027008735597 0.000966107011282262 0.682149093483842 5.40688479950489
18.0751548671486 0.000955291338569725 0.675163358735902 5.41388134992554
18.1478985831868 0.000944664135548608 0.668221770969914 5.42083356489455
18.2209356498723 0.000934221456136916 0.6613241068401 5.42774167170378
18.2942697548274 0.000923959451523772 0.654470144885866 5.43460589566262
18.3679046464862 0.00091387436745967 0.647659665518753 5.4414264601138
18.4418441355204 0.000903962541631201 0.640892451009847 5.44820358644853
18.5160920963018 0.000894220401117355 0.634168285477624 5.45493749412127
18.5906524684056 0.000884644459924609 0.627486954876231 5.46162840066386
18.6655292581544 0.000875231316598112 0.620848246984201 5.46827652169921
18.7407265402045 0.000865977651906366 0.614251951393565 5.47488207095454
18.8162484591764 0.000856880226596926 0.607697859499388 5.48144526027403
18.8920992313313 0.000847935879220716 0.601185764489695 5.4879662996311
18.9682831462941 0.000839141524022647 0.594715461335788 5.4944453971402
19.0448045688258 0.000830494148896316 0.588286746782956 5.50088275906816
19.1216679406469 0.000821990813400646 0.581899419341552 5.50727858984506
19.198877782313 0.000813628646836396 0.575553279278454 5.51363309207472
19.2764386951445 0.000805404846380569 0.56924812860888 5.51994646654475
19.354355363214 0.000797316675276777 0.562983771088579 5.52621891223616
19.4326325553912 0.000789361461079741 0.556760012206365 5.53245062633257
19.511275127449 0.000781536593952138 0.55057665917701 5.53864180422905
19.5902880242325 0.000773839525012078 0.544433520934488 5.54479263954051
19.6696762818931 0.000766267764729562 0.53833040812556 5.55090332410972
19.7494450301914 0.000758818881370321 0.532267133103697 5.55697404801494
19.8295994948689 0.000751490499485514 0.526243509923349 5.56300499957718
19.9101450000941 0.000744280298445787 0.520259354334547 5.56899636536702
19.9910869709835 0.00073718601101827 0.514314483777836 5.57494833021116
20.072430936202 0.000730205421985138 0.508408717379545 5.58086107719848
20.1541825306443 0.000723336366802402 0.502541875947385 5.58673478768582
20.2363474982019 0.000716576730297645 0.496713781966377 5.59256964130334
20.3189316946176 0.000709924445405471 0.490924259595108 5.5983658159595
20.4019410904321 0.000703377491939468 0.485173134662315 5.60412348784576
20.4853817740259 0.000696933895399534 0.479460234663801 5.60984283144081
20.5692599547598 0.000690591725813453 0.473785388759676 5.61552401951452
20.6535819662185 0.000684349096611646 0.468148427771926 5.62116722313147
20.7383542695615 0.000678204163534063 0.462549184182313 5.62677261165416
20.8235834569849 0.000672155123568214 0.456987492130611 5.63234035274583
20.9092762552999 0.000666200213917368 0.451463187413165 5.63787061237293
20.9954395296307 0.000660337710997991 0.445976107481794 5.64336355480722
21.0820802872392 0.000654565929465524 0.440526091443025 5.64881934262752
21.1692056814795 0.000648883221267626 0.435112980057668 5.65423813672108
21.2568230158891 0.000643287974724036 0.429736615740737 5.65962009628455
21.3449397484218 0.00063777861363226 0.42439684256171 5.66496537882467
21.4335634958284 0.000632353596398271 0.419093506245143 5.67027414015847
21.5227020381915 0.000627011415191491 0.413826454171641 5.67554653441318
21.6123633236211 0.000621750595123303 0.408595535379175 5.68078271402571
21.7025554731175 0.000616569693448393 0.403400600564778 5.68598282974179
21.7932867856092 0.000611467298788239 0.398241502086595 5.69114703061463
21.8845657431735 0.000606442030376079 0.393118093966315 5.69627546400332
21.9764010164464 0.000601492537322727 0.38803023189198 5.70136827557071
22.0688014702332 0.000596617497902613 0.382977773221178 5.70642560928093
22.1617761693246 0.000591815618859451 0.377960576984636 5.71144760739652
22.2553343845315 0.000587085634730965 0.372978503890205 5.71643441047508
22.3494855989455 0.000582426307192096 0.368031416327257 5.72138615736556
22.4442395144368 0.00057783642441618 0.363119178371501 5.72630298520409
22.5396060584 0.000573314800453544 0.358241655790222 5.73118502940934
22.6355953907588 0.000568860274627036 0.353398716047954 5.73603242367743
22.7322179112425 0.000564471710943996 0.348590228312595 5.74084529997647
22.8294842669464 0.000560147997524193 0.343816063461989 5.7456237885405
22.9274053601892 0.000555888046043279 0.339076094090956 5.75036801786301
23.0259923566826 0.000551690791191309 0.334370194518815 5.75507811469001
23.1252566940263 0.000547555190145911 0.329698240797386 5.75975420401248
23.2252100905466 0.000543480222059689 0.325060110719504 5.76439640905845
23.3258645544922 0.000539464887561462 0.32045568382804 5.76900485128441
23.4272323936076 0.000535508208270942 0.315884841425458 5.77357965036628
23.5293262251009 0.00053160922632651 0.311347466583919 5.77812092418977
23.6321589860262 0.000527767003925682 0.306843444155939 5.78262878884015
23.7357439441013 0.00052398062287797 0.302372660785627 5.78710335859151
23.8400947089836 0.000520249184169751 0.297935004920529 5.79154474589531
23.9452252440256 0.000516571807540858 0.293530366824064 5.79595306136841
24.0511498785366 0.000512947631072556 0.289158638588616 5.80032841378033
24.1578833205762 0.000509375810786609 0.284819714149259 5.80467091003997
24.2654406703068 0.000505855520255133 0.280513489298168 5.80898065518159
24.3738374339354 0.000502385950220971 0.276239861699724 5.81325775235007
24.4830895382759 0.000498966308228297 0.271998730906335 5.81750230278545
24.5932133459647 0.000495595818263188 0.267789998375006 5.82171440580674
24.7042256713654 0.000492273720403923 0.263613567484673 5.82589415879494
24.8161437972003 0.000488999270480741 0.259469343554345 5.83004165717519
24.9289854919486 0.000485771739744837 0.255357233862056 5.83415699439821
25.0427690280534 0.000482590414546354 0.251277147664694 5.83824026192077
25.1575132009842 0.000479454596021162 0.247228996218694 5.8422915491853
25.2732373492016 0.000476363599786203 0.243212692801671 5.84631094359856
25.3899613750774 0.000473316755643193 0.239228152734999 5.85029853050937
25.507705766824 0.000470313407290494 0.235275293407387 5.85425439318534
25.6264916214923 0.000467352912042962 0.23135403429948 5.85817861278849
25.7463406691014 0.000464434640559577 0.227464297009537 5.86207126834992
25.8672752979658 0.000461557976578701 0.223606005280228 5.86593243674321
25.9893185812936 0.000458722316660773 0.219779085026577 5.86976219265678
26.1124943051313 0.000455927069938297 0.21598346436513 5.87356060856495
26.2368269977382 0.000453171657872958 0.212219073644367 5.87732775469777
26.362341960478 0.000450455514019723 0.20848584547643 5.88106369900956
26.4890653003227 0.000447778083797782 0.204783714770223 5.88476850714599
26.6170239640702 0.000445138824268198 0.201112618765925 5.88844224240982
26.7462457743837 0.000442537203918138 0.197472497071003 5.89208496572509
26.8767594677721 0.000439972702451562 0.193863291697769 5.89569673559979
27.0085947346347 0.000437444810586251 0.190284947102569 5.89927760808686
27.1417822615079 0.00043495302985708 0.186737410226658 5.9028276367435
27.2763537756589 0.000432496872425411 0.183220630538857 5.90634687258873
27.4123420921843 0.000430075860894537 0.17973456008006 5.90983536405906
27.5497811637822 0.000427689528131061 0.176279153509685 5.9132931569622
27.6887061333831 0.000425337417092157 0.172854368154163 5.91672029442876
27.829153389836 0.000423019080658608 0.169460164057553 5.9201168168618
27.9711606268641 0.000420734081473575 0.166096504034397 5.92348276188414
28.1147669055225 0.000418481991787019 0.162763353724913 5.92681816428331
28.2600127204089 0.000416262393305735 0.159460681652659 5.93012305595405
28.4069400698993 0.000414074877048937 0.156188459284768 5.9333974658382
28.5555925307033 0.000411919043209361 0.152946661094909 5.9366414198619
28.7060153370625 0.000409794501019851 0.149735264629099 5.9398549408699
28.8582554649382 0.000407700868625404 0.14655425057451 5.94303804855688
29.0123617215699 0.000405637772960652 0.143403602831447 5.94619075939561
29.1683848408175 0.000403604849632772 0.140283308588645 5.94931308656174
29.3263775847398 0.000401601742809836 0.137193358402075 5.95240503985513
29.4863948519002 0.000399628105114586 0.134133746277448 5.95546662561745
29.6484937929398 0.000397683597523675 0.131104469756611 5.95849784664588
29.8127339340059 0.000395767889272386 0.128105530008072 5.96149870210267
29.9791773086817 0.000393880657764872 0.125136931921858 5.96446918742039
30.1478885991253 0.000392021588489967 0.122198684208977 5.96740929420255
30.3189352871947 0.000390190374942626 0.119290799505741 5.97031901011933
30.4923878164121 0.000388386718551065 0.116413294483219 5.97319831879825
30.6683197657104 0.00038661032860969 0.113566189962153 5.97604719970925
30.8468080359944 0.000384860922217909 0.110749511033632 5.97886562804417
31.0279330506636 0.000383138224224948 0.107963287185886 5.9816535745899
31.2117789713578 0.000381441967180786 0.105207552437579 5.98441100559526
31.3984339303253 0.000379771891293374 0.10248234547799 5.98713788263073
31.5879902809617 0.000378127744392287 0.0997877098145234 5.9898341624411
31.7805448682407 0.000376509281898994 0.0971236939280061 5.99249979679011
31.9761993209467 0.00037491626680396 0.0944903514362767 5.99513473229694
32.1750603678379 0.000373348469650793 0.0918877412666019 5.99773891026376
32.377240180112 0.000371805668527699 0.0893159278374997 6.00031226649399
32.5828567428237 0.00037028764906651 0.0867749812505984 6.00285473110035
32.7920342582198 0.000368794204449603 0.0842649774932045 6.00536622830236
33.0049035843124 0.000367325135425034 0.0817859986523127 6.00784667621228
33.2216027124209 0.000365880250330271 0.0793381331408454 6.01029598660884
33.4422772878797 0.000364459365124917 0.0769214759369808 6.01271406469791
33.667081178638 0.000363062303432885 0.0745361288374922 6.01510080885909
33.8961770970935 0.000361688896594503 0.0721822007261064 6.01745611037731
34.1297372812031 0.00036033898372909 0.0698598078579694 6.01977985315832
34.3679442417211 0.000359012411808604 0.0675690741614038 6.0220719134268
34.6109915833561 0.000357709035742989 0.0653101315582447 6.02433215940603
34.8590849087148 0.000356428718477944 0.0630831203041514 6.02656045097739
35.1124428151659 0.000355171331105887 0.0608881893504197 6.02875663931849
35.3712979962151 0.000353936752990968 0.0587254967289513 6.03092056651807
35.6358984606979 0.000352724871909062 0.0565952099621875 6.03305206516592
35.9065088850968 0.000351535584203771 0.0544975064999781 6.03515095791584
36.1834121166425 0.000350368794959553 0.0524325741855346 6.03721705701952
36.4669108476305 0.000349224418193218 0.0504006117528134 6.03925016382901
36.7573294846622 0.000348102377065133 0.0484018293578918 6.04125006826506
37.0550162404046 0.000347002604111627 0.0464364491471317 6.04321654824877
37.3603454800928 0.000345925041500214 0.0445047058651882 6.04514936909333
37.6737203605242 0.000344869641309412 0.0426068475061961 6.04704828285251
37.9955758059302 0.000343836365835127 0.0407431360117754 6.04891302762241
38.3263818730905 0.0003428251879257 0.0389138480198267 6.05074332679227
38.66664756772 0.000341836091347996 0.0371192756684395 6.05253888824023
39.0169251858842 0.000340869071187041 0.03535972745962 6.05429940346921
39.3778152685174 0.000339924134282013 0.0336355291879428 6.05602454667779
39.7499722746682 0.000339001299701582 0.0319470249396496 6.05771397376067
40.1341111007295 0.000338100599261875 0.0302945781681484 6.05936732123261
40.5310145997067 0.000337222078090565 0.0286785728522871 6.06098420506964
40.9415422879623 0.000336365795240861 0.0270994147441841 6.06256421946059
41.3666404687102 0.000335531824359356 0.0255575327137488 6.06410693546191
41.8073540542797 0.000334720254411924 0.0240533801972895 6.06561189954832
42.2648404361097 0.000333931190471921 0.0225874367577187 6.06707863205183
42.7403858369719 0.000333164754574993 0.0211602097637416 6.0685066254817
43.2354246900245 0.000332421086644575 0.019772236194923 6.06989534271845
43.7515627321085 0.000331700345491752 0.0184240845785008 6.07124421507602
44.2906046854608 0.0003310027098923 0.0171163570619798 6.07255264022815
44.8545876483891 0.000330328379742284 0.0158496916225332 6.07381997999774
45.4458216434664 0.000329677577291315 0.014624764409518 6.07504555801321
46.0669392128655 0.000329050548448992 0.0134422922091972 6.07622865724237
46.7209565498007 0.000328447564154645 0.0123030350099106 6.07736851742595
47.4113494787517 0.0003278689217924 0.0112077986297923 6.07846433244843
48.1421487430263 0.0003273149466215 0.0101574373452406 6.07951524770816
48.9180606732513 0.000326785993173871 0.00915285642306029 6.08052035758378
49.7446216189776 0.000326282446544407 0.00819501440710434 6.08147870314637
50.6283978763116 0.000325804723459933 0.00728492493315133 6.08238927034341
51.5772477889359 0.000325353272954127 0.00642365773126307 6.0832509889958
52.6006701286029 0.000324928576387736 0.00561233830398105 6.08406273311965
53.7102742437521 0.000324531146421229 0.0048521455121178 6.08482332334148
54.9204252844738 0.000324161524346733 0.00414430591197276 6.0855315325637
56.2491463741916 0.000323820274880712 0.00349008309712694 6.08618609662801
57.7194065813478 0.000323507977049977 0.00289075939224482 6.08678573263072
59.3610030656695 0.000323225209079343 0.00234760584907027 6.08732916894187
61.2133846648318 0.000322972524066865 0.00186183433148084 6.08781519314447
63.3300152869188 0.000322750411495467 0.00143452213189382 6.08824272745663
65.785346776136 0.000322559236973548 0.00106649445159711 6.08861094631145
68.68639142195 0.000322399148672537 0.000758142536050395 6.08891945831529
72.1927548039581 0.000322269933635351 0.000509145098112779 6.08916858496827
76.5529156498182 0.000322170801803787 0.000318050483031818 6.08935977871518
82.1728019397747 0.000322100077311425 0.000181680454220952 6.08949621946848
89.7482027538998 0.000322054812663607 9.43862583690918E-05 6.08958355892898
100.501686159337 0.000322030507276677 4.75076679734225E-05 6.08963046182477
