0 5.8 0.29 0
0.0169234396094004 5.78818559146094 0.301392035049379 0.000422373489678744
0.0375270443306388 5.76718606990628 0.321638676317389 0.00117525377633507
0.0595767236117698 5.73982610421666 0.348013602223321 0.0021602935600152
0.0819994730291109 5.70822563881791 0.378470497020098 0.003303864161988
0.104356441284847 5.67346461778639 0.411966236720852 0.00456914549275221
0.126494265236904 5.63599277630963 0.448065412295203 0.00594181139516406
0.148378496299666 5.59594216786276 0.486638762678369 0.00741906945886887
0.170022088235364 5.55329240936867 0.527703724204675 0.00900386642664822
0.191456124657566 5.50794867614861 0.571349151838904 0.0107021720124818
0.212718227984371 5.45977656657892 0.617701636445735 0.0125217969753441
0.23384817846989 5.40861697368606 0.666911093236568 0.0144719330773702
0.254886433964903 5.35429192598811 0.719145044166062 0.0165630298458305
0.275873808134717 5.29660637979068 0.774586785894537 0.0188068343147801
0.296851611612272 5.23534818365856 0.833435297902308 0.0212165184391304
0.317861982488732 5.17028719920618 0.895905936949694 0.0238068638441236
0.33894830093838 5.10117402302069 0.96223148288617 0.0265944940931397
0.360155648703039 5.02773853133308 1.03266331445165 0.0295981542152605
0.381531298236956 4.94968839285928 1.10747256527376 0.0328390418669573
0.403125222257726 4.86670769493588 1.1869511083028 0.0363411967613201
0.424990610770184 4.77845587849566 1.2714121657601 0.0401319557442315
0.447184371181787 4.68456727672068 1.36119024325484 0.0442424800244713
0.469767566280557 4.58465171304481 1.45663992927788 0.0487083576773047
0.492805710444151 4.47829686116276 1.55813286204768 0.0535702767895576
0.51636878998076 4.3650734389574 1.66605181177692 0.0588747492656727
0.540530790522779 4.24454484513202 1.78078031778581 0.0646748370821652
0.56536839477684 4.11628359535581 1.90268562108875 0.0710307835554356
0.590958357196507 3.97989788122456 2.03209174801477 0.0780103707606678
0.617372893873131 3.83507264534119 2.1692386564732 0.0856886981856023
0.644672335393818 3.68163031887311 2.31422277952597 0.0941469016009126
0.672894487678691 3.51961575822589 2.46691511285009 0.103469128924021
0.702040997006923 3.34940589727846 2.62685714205701 0.113736960664532
0.73206290934912 3.17183422730278 2.79314512954539 0.125020643151827
0.762850413660204 2.9883014155385 2.96433121015023 0.137367374311268
0.793668270498748 2.80082048175178 3.1383907906081 0.150788727640114
0.824023016119676 2.61531120200718 3.30970471257484 0.164984085417978
0.853618982528573 2.4360205085979 3.47428467207468 0.179694819327411
0.882287767251957 2.26563964663545 3.62964588423221 0.194714469132337
0.909960245940834 2.10570898977229 3.77441266656384 0.20987834366387
0.936642951477231 1.95684612124435 3.90808819807666 0.225065680678993
0.962393202155034 1.81898585138612 4.03081565764122 0.240198490972649
0.987296777848122 1.69162606192006 4.14313917483254 0.255234763247397
1.01145122862944 1.57403463066914 4.24580635793996 0.270159011390896
1.03495521440244 1.46539535945957 4.33963137513536 0.284973265405068
1.05790266217704 1.36489646695858 4.42541349023518 0.299690042806241
1.08038015802849 1.27177667998264 4.50389579505349 0.314327524963868
1.10246625347074 1.18534449499462 4.57574896515507 0.328906539850302
1.12423178185855 1.10498235394215 4.64156882977412 0.343448816283724
1.14574063570639 1.03014326496702 4.70188068065462 0.357976054378354
1.16705070068473 0.960344210952675 4.75714630094351 0.372509488103808
1.18821479214211 0.895158646498334 4.80777162285214 0.387069730649525
1.20928152499804 0.834209197948434 4.85411402662634 0.401676775425227
1.23029609296205 0.777161039040815 4.89648888229166 0.416350078667519
1.25130095540233 0.723716087915745 4.93517523003453 0.431108682049723
1.27233644026585 0.673608016412513 4.97042063081583 0.445971352771653
1.29344127521421 0.626597997278908 5.00244527315349 0.460956729567599
1.31465305984251 0.582471094072421 5.03144543666178 0.476083469265793
1.33600869121058 0.541033198455182 5.05759640955316 0.491370391991655
1.35754475380554 0.502108428232596 5.08105494674415 0.506836625023256
1.37929788389651 0.465536910960815 5.10196134267074 0.522501746368446
1.40130511723031 0.431172889516023 5.12044118075133 0.538385929732644
1.42360422822868 0.398883096532562 5.13660681055772 0.554510092909719
1.446234068312 0.36854535370395 5.15055859441066 0.570896051885385
1.46923491069499 0.340047359583823 5.16238595724605 0.587566683170128
1.49264880897861 0.313285635856097 5.17216826701976 0.604546097124143
1.51651997710319 0.288164607246263 5.17997556742082 0.621859825332915
1.54089519874398 0.264595794503078 5.18586918003272 0.639535025464195
1.56582427504851 0.242497103358069 5.18990218913245 0.657600707509474
1.59136052077527 0.221792195212858 5.19211981887594 0.676087985911196
1.61756132045672 0.202409927630252 5.19255970953788 0.695030362831862
1.64448875826222 0.184283854612341 5.19125209661654 0.714464048771117
1.67221033789387 0.167351778216791 5.18821989385185 0.734428327931353
1.7007998122714 0.151555344355112 5.18347867840946 0.754965977235425
1.73033814716455 0.136839676685778 5.17703657351805 0.776123749796171
1.7609146486069 0.12315304340188 5.16889402055981 0.797952936038305
1.79262829126885 0.110446552451435 5.15904342882105 0.820510018727515
1.82558929452563 0.098673871345511 5.14746868658526 0.84385744206923
1.85992100547977 0.0877909682271363 5.13414451170209 0.868064520070774
1.89576216473315 0.0777558713109094 5.1190356128048 0.893208515884292
1.93326965272689 0.0685284441744596 5.10209562345346 0.919375932372076
1.97262184407465 0.0600701747015576 5.08326575993163 0.946664065366806
2.01402273752677 0.0523439757543826 5.06247313821645 0.975182886029165
2.05770708442417 0.0453139959001146 5.03962866535617 1.00505733874371
2.10394681524308 0.0389454387456256 5.01462439308733 1.03643016816704
2.15305917186573 0.0332043896556092 4.98733018404475 1.06946542629964
2.20541710743308 0.0280576488582812 4.95758948899539 1.10435286214633
2.26146273914501 0.0234725701970499 4.92521396062626 1.14131346917669
2.32172496867762 0.0194169050909735 4.88997652560568 1.18060656930334
2.38684287885515 0.0158586516561712 4.85160238655572 1.22253896178811
2.45759727090816 0.0127659094649029 4.80975720504328 1.26747688549182
2.53495388803991 0.0101067411528209 4.76403138689055 1.31586187195662
2.62012376262133 0.00784904313796185 4.71391888834454 1.36823206851749
2.71464923463014 0.00596042925176783 4.6587881790516 1.42525139169663
2.82052945712919 0.00440813334788619 4.59784175141725 1.48775011523486
2.94040843026824 0.00315894031043153 4.53005853047913 1.55678252921044
3.07786538232017 0.00217915985095422 4.45411012122643 1.63371071892262
3.23787916448784 0.00143466477553293 4.3682359165649 1.72032941865956
3.42760183742473 0.000891025887568675 4.27005150916325 1.81905746494918
3.65771068716539 0.000513790108013686 4.15624523039977 1.93324097949222
3.94491009708204 0.000268966364353055 4.02207986495941 2.06765116867624
4.31688904356468 0.000123800995197852 3.86054123303257 2.22933496597223
4.82297602126912 4.79255779570952E-05 3.66082166443134 2.4291304099907
5.4091422658697 1.49053191418557E-05 3.40552376540483 2.68446132927603
6.04952926308986 4.38351949109047E-06 3.13197541312318 2.95802020335733
6.72157350356778 1.28810186422834E-06 2.85816882023023 3.2318298916679
7.40813711217627 3.92365211397545E-07 2.59652814676945 3.49347146086534
8.10434888677377 1.27586111529707E-07 2.35395030263417 3.73604956977972
8.80918670537288 4.47873700800519E-08 2.13109556325816 3.95890439195447
9.52286123353881 1.70105454982049E-08 1.92696299701231 4.16303698597714
10.2460214950407 6.97643845238484E-09 1.74018562438613 4.34981436863743
10.9795143771631 3.07774611733656E-09 1.56938416161563 4.52061583530663
11.7243154870745 1.45385628328616E-09 1.41325945553894 4.6767405430072
12.4815147000998 7.3184539752229E-10 1.27061199896887 4.81938800029928
13.2523202151928 3.90730915061752E-10 1.14034117341967 4.9496588261896
14.0380698576397 2.20261487660474E-10 1.0214391528499 5.06856084692984
14.8402462723471 1.3054525415132E-10 0.9129837301921 5.17701626967735
15.6604952344979 8.1027495826998E-11 0.814131263912508 5.27586873600646
16.5006472112533 5.24769148438983E-11 0.724110055190741 5.36588994475678
17.362742697354 3.534346191968E-11 0.642214210490506 5.44778578947415
18.2490620971112 2.46781837374936E-11 0.567797972313049 5.52220202766227
19.1621611667093 1.78134997034864E-11 0.500270482537671 5.58972951744451
20.1049133193118 1.32583017316726E-11 0.439090939860159 5.65090906012658
21.0805604669592 1.01506425542564E-11 0.38376411430156 5.70623588568829
22.0927745644614 7.9765720785849E-12 0.333836184343137 5.75616381564888
23.1457326793435 6.42072922236041E-12 0.288890865031374 5.8011091349622
24.2442093060074 5.28441155001596E-12 0.248545798151788 5.84145420184293
25.3936908699096 4.43931398511292E-12 0.212449178253771 5.87755082174179
26.6005190741722 3.80068665746018E-12 0.180276590947256 5.90972340904894
27.8720721453714 3.31135986822424E-12 0.151728042539576 5.93827195745711
29.2169964716987 2.9320085525254E-12 0.12652516281496 5.9634748371821
30.6455061157563 2.63508616516115E-12 0.10440856568703 5.98559143431033
32.1697750517263 2.40096541128611E-12 0.085135355727867 6.00486464426973
33.8044580606648 2.21543425392789E-12 0.0684767724132992 6.02152322758448
35.567393236807 2.06804063446484E-12 0.0542159686411731 6.03578403135676
37.4805657847049 1.95097845195614E-12 0.0421459261479172 6.04785407385013
39.571455818355 1.85832466453348E-12 0.0320675185710346 6.0579324814271
41.8749641057146 1.78550789155239E-12 0.0237877441346839 6.06621225586353
44.4362313408333 1.72893212401093E-12 0.017118165851867 6.0728818341464
47.3148816469305 1.68570620551894E-12 0.0118736200865925 6.07812637991172
50.5916168686942 1.65344708547245E-12 0.00787128770131019 6.08212871229703
54.3788503311074 1.63013630001484E-12 0.0049302704681982 6.08506972953017
58.8386136523672 1.61401701460048E-12 0.002871884412053 6.08712811558633
64.2142901578066 1.60352465174109E-12 0.00152097498383883 6.08847902501456
70.8903321090376 1.59724836764595E-12 0.000708669250152609 6.08929133074825
79.5125983964224 1.5939235115781E-12 0.000277062901898806 6.0897229370965
91.2470617827537 1.59245575546692E-12 8.62487682483051E-05 6.08991375123016
107.022718065545 1.59199655158188E-12 2.65101217516221E-05 6.08997348987665
