0 5.8 0.29 0
0.02 5.79767282866099 0.291911521635988 0.000415649703018295
0.06 5.79297523280209 0.295769584212481 0.00125518298542763
0.14 5.78340491683869 0.303627427866277 0.00296765529503003
0.279462639839005 5.76354672749796 0.319923217105617 0.00653005539642816
0.451443181375759 5.72653802872778 0.350259976596152 0.0132019946760672
0.636533935388873 5.67644037520122 0.391256990187172 0.0223026346116061
0.825340653671558 5.61657796581166 0.440138995524013 0.0332830386643282
1.01420793799229 5.54863658622192 0.495475377630269 0.0458880361478072
1.20215063361225 5.47318074035893 0.556749905636981 0.0600693540040841
1.38933159739309 5.39013199034247 0.623962512974222 0.0759054966833046
1.5764006298536 5.29904516392788 0.697397419905047 0.0935574161670694
1.76423256276716 5.19924337677718 0.777506608472501 0.113250014750322
1.95383899690878 5.08987428274114 0.86485642966321 0.135269287595648
2.14635503217929 4.96992544988555 0.960105236442694 0.159969313671759
2.3430600087216 4.8382193081705 1.06399405043236 0.187786641397137
2.54541510751535 4.69339936741258 1.17733902503702 0.219261607550399
2.75510795312679 4.53391731647411 1.30101557270971 0.255067110816187
2.97409050458509 4.35803485433614 1.43591989774 0.29604524792386
3.20457837986975 4.16386745612137 1.58288261508749 0.343249928791145
3.44893591832182 3.94952692842781 1.74248716360353 0.397985907968664
3.70928802737841 3.71347681845548 1.91470906226113 0.461814119283389
3.98661140980097 3.45529966787882 2.09825325402861 0.536447078092573
4.27921969976279 3.17709922560058 2.28951521844888 0.623385555950541
4.5815164154531 2.88535399291539 2.48149943676962 0.723146570314992
4.88509136127272 2.59168865645188 2.66399334712596 0.834317996422156
5.18249756289458 2.31007708498592 2.82646796502604 0.953454949988044
5.47024762394167 2.05128748178514 2.96220090316081 1.07651161505405
5.74868654734064 1.81972728829958 3.06970209355187 1.20057061814854
6.02024218821738 1.61472175477096 3.15091476269887 1.32436348253017
6.28322232691657 1.43331847365308 3.20889149614133 1.4477900302056
6.53691088903053 1.27490054381394 3.2460020415869 1.56909741459916
6.78359975814471 1.13757982810824 3.26528728268506 1.68713288920669
7.0260569111103 1.0178405217263 3.26983449663336 1.80232498164034
7.26679141460797 0.912498330610691 3.26202240329449 1.91547926609482
7.50795830379739 0.819054300870081 3.24357199396534 2.02737370516458
7.75143730094818 0.735605499002326 3.21572651153309 2.13866798946459
7.99893535333905 0.660692151984509 3.17939782218167 2.24991002583382
8.25207583113911 0.593172507340784 3.13526448643565 2.36156300622357
8.51247137621485 0.532134226186873 3.08383492009473 2.4740308537184
8.78178553310931 0.47683376108135 3.02548853350354 2.58767770541511
9.06178904956985 0.426654688338924 2.96050333374846 2.70284197791261
9.35441599128399 0.381078500497355 2.88907510872112 2.81984639078152
9.66182420980178 0.339663628917641 2.81133127678126 2.9390050943011
9.98646459560289 0.302030005632629 2.72734134097438 3.06062865339299
10.3311639917583 0.267847442000052 2.63712526613034 3.18502729186961
10.6992276707171 0.236826700761007 2.54066078595515 3.31251251328384
11.0945689855996 0.208712511767056 2.43789053677517 3.44339695145777
11.5218763914076 0.183278019386639 2.32872996061169 3.57799202000167
11.9868318020635 0.16032030466392 2.21307711994382 3.71660257539226
12.4963996586814 0.139656729191453 2.0908259495668 3.85951732124174
13.059213735694 0.121121919261316 1.96188509882623 4.00699298191246
13.6860993003546 0.10456525969587 1.82620548549177 4.15922925481236
14.3907822970187 0.0898488038511834 1.68382111559031 4.3163300805585
15.1908543242358 0.0768455335042851 1.53490974290856 4.47824472358715
16.0998285828712 0.0654379204798085 1.37988254223973 4.64467953728046
17.0167646701266 0.055603252307215 1.2210407140625 4.81335603363028
17.9201830262625 0.0480875510812705 1.07815212962149 4.96376031929724
18.814579416011 0.042377966207994 0.952953323756258 5.09466871003575
19.7084352448623 0.037939594914523 0.842807660496249 5.20925274458923
20.6091326891237 0.0344059429836187 0.745084067122575 5.31050998989381
21.5225645624683 0.0315380720511307 0.657810052834483 5.40065187511439
22.4536116816221 0.0291760984192662 0.579546483622268 5.48127741795847
23.4066120222511 0.0272086951922155 0.509207578196151 5.55358372661163
24.3856991629241 0.0255554672699309 0.445936943337619 5.61850758939245
25.3950391734992 0.0241566074624749 0.389032189046063 5.67681120349146
26.4390078306439 0.0229665624759345 0.337899582026104 5.72913385549796
27.5223390663548 0.0219499717259544 0.292025916772976 5.77602411150107
28.6502655126849 0.0210789537167498 0.250960213598129 5.81796083268512
29.8286661724438 0.0203312290247693 0.214301162914627 5.8553676080606
31.0642338470643 0.0196887844512442 0.181688051905884 5.88862316364287
32.3646750565411 0.0191368995641455 0.152793885644281 5.91806921479157
33.7389573600002 0.0186634229369094 0.12731994548944 5.94401663157365
35.1976233149229 0.0182582245288734 0.104991324536111 5.96675045093502
36.7531973995054 0.017912774779401 0.0855531521036174 5.98653407311698
38.4207233064893 0.0176198163956802 0.0687673233239396 6.00361286028038
40.2184863052637 0.0173731049667866 0.0544096158601135 6.0182172791731
42.169002702491 0.0171672014233609 0.0422671203150611 6.03056567826158
44.30040257872 0.0169973041734837 0.0321359437574182 6.0408667520691
46.6484051850787 0.0168591122231029 0.0238191733174882 6.04932171445941
49.2592115451053 0.0167487132182982 0.017125113728686 6.05612617305302
52.1938603885803 0.0166624924627366 0.0118658433087978 6.06147166422847
55.5350017193221 0.0165970608189961 0.00785617184496004 6.06554676733605
59.3978290633411 0.0165492012031129 0.00491313664148986 6.0685376621554
63.948508332206 0.016515835300565 0.0028562456269235 6.07062791907251
69.4368778296915 0.0164940142753398 0.00150877286005905 6.0719972128646
76.2580765305653 0.0164809395029039 0.000700524534293865 6.0728185359628
85.0769362021503 0.0164740209656534 0.000272576254115955 6.07325340278023
97.0957041477036 0.0164709794287871 8.4384252322974E-05 6.07344463631889
102.904295852296 0.016470522431041 5.61043047115331E-05 6.07347337326425
