0 0
0.1 0.0998334166468282
0.2 0.198669330795061
0.3 0.29552020666134
0.4 0.389418342308651
0.5 0.479425538604203
0.6 0.564642473395035
0.7 0.644217687237691
0.8 0.717356090899523
0.9 0.783326909627483
1 0.841470984807896
1.1 0.891207360061435
1.2 0.932039085967226
1.3 0.963558185417193
1.4 0.98544972998846
1.5 0.997494986604054
1.6 0.999573603041505
1.7 0.991664810452469
1.8 0.973847630878195
1.9 0.946300087687414
2 0.909297426825681
2.1 0.863209366648873
2.2 0.80849640381959
2.3 0.74570521217672
2.4 0.67546318055115
2.5 0.598472144103956
2.6 0.515501371821463
2.7 0.427379880233829
2.8 0.334988150155904
2.9 0.239249329213981
3 0.141120008059866
3.1 0.0415806624332892
3.2 -0.0583741434275814
3.3 -0.15774569414325
3.4 -0.255541102026833
3.5 -0.350783227689622
3.6 -0.442520443294854
3.7 -0.529836140908495
3.8 -0.611857890942721
3.9 -0.687766159183975
4 -0.756802495307929
4.1 -0.818277111064411
4.2 -0.871575772413589
4.3 -0.916165936749455
4.4 -0.951602073889516
4.5 -0.977530117665097
4.6 -0.993691003633464
4.7 -0.999923257564101
4.8 -0.996164608835841
4.9 -0.982452612624333
5 -0.958924274663139
5.1 -0.925814682327733
5.2 -0.883454655720154
5.3 -0.832267442223903
5.4 -0.772764487555989
5.5 -0.705540325570394
5.6 -0.631266637872324
5.7 -0.550685542597641
5.8 -0.464602179413761
5.9 -0.373876664830241
5.99999999999999 -0.279415498198931
6.09999999999999 -0.182162504272101
6.19999999999999 -0.0830894028175026
6.29999999999999 0.0168139004843435
6.39999999999999 0.116549204850487
6.49999999999999 0.215119988087809
6.59999999999999 0.311541363513371
6.69999999999999 0.404849920616591
6.79999999999999 0.494113351138601
6.89999999999999 0.578439764388193
6.99999999999999 0.656986598718782
7.09999999999999 0.72896904012587
7.19999999999999 0.793667863849147
7.29999999999999 0.850436620628559
7.39999999999999 0.898708095811622
7.49999999999999 0.937999976774735
7.59999999999999 0.967919672031484
7.69999999999999 0.988168233876999
7.79999999999999 0.998543345374604
7.89999999999999 0.998941341839773
7.99999999999999 0.989358246623384
8.09999999999999 0.969889810845089
8.19999999999999 0.940730556679777
8.29999999999999 0.9021718337563
8.39999999999999 0.854598908088288
8.49999999999999 0.798487112623499
8.59999999999999 0.734397097874123
8.69999999999999 0.662969230082194
8.79999999999998 0.584917192891775
8.89999999999998 0.501020856457899
8.99999999999998 0.412118485241771
9.09999999999998 0.319098362349367
9.19999999999998 0.222889914100263
9.29999999999998 0.124454423507079
9.39999999999998 0.0247754254533755
