-1 -3.84722936364059E-11
-0.984375 -1.08280372155575E-10
-0.96875 -2.97537003409549E-10
-0.953125 -7.98200117979255E-10
-0.9375 -2.09050607338117E-09
-0.921875 -5.34500921429927E-09
-0.90625 -1.3341067444368E-08
-0.890625 -3.25060818222677E-08
-0.875 -7.73136974099038E-08
-0.859375 -1.79494366367267E-07
-0.84375 -4.06753575976499E-07
-0.828125 -8.9966423232787E-07
-0.8125 -1.94213307029482E-06
-0.796875 -4.09172428493057E-06
-0.78125 -8.41279474986823E-06
-0.765625 -1.6879385122924E-05
-0.75 -3.30467797738174E-05
-0.734375 -6.31290731397261E-05
-0.71875 -0.000117659363231111
-0.703125 -0.000213937410271411
-0.6875 -0.000379466536980201
-0.671875 -0.000656518239200098
-0.65625 -0.00110780444812127
-0.640625 -0.00182295048743167
-0.625 -0.00292502927610262
-0.609375 -0.0045758576338334
-0.59375 -0.00697814405161328
-0.578125 -0.0103720616340405
-0.5625 -0.0150236179130111
-0.546875 -0.021202561932003
-0.53125 -0.0291487382130164
-0.515625 -0.0390278720214644
-0.5 -0.0508806237362637
-0.484375 -0.0645719437642143
-0.46875 -0.0797505395355864
-0.453125 -0.0958296744006982
-0.4375 -0.111999628609306
-0.421875 -0.127278396379457
-0.40625 -0.140600682903186
-0.390625 -0.150936990556412
-0.375 -0.157426357897638
-0.359375 -0.159500411030461
-0.34375 -0.15697490574321
-0.328125 -0.150089077460314
-0.3125 -0.139482584156397
-0.296875 -0.126112668564268
-0.28125 -0.111127134515332
-0.265625 -0.095718188459791
-0.25 -0.0809852727373113
-0.234375 -0.0678306532588157
-0.21875 -0.0569009782494228
-0.203125 -0.0485745949654232
-0.1875 -0.04298240842055
-0.171875 -0.0400433547130329
-0.15625 -0.039496190551623
-0.140625 -0.0409167410771738
-0.125 -0.0437210485766238
-0.109375 -0.0471656926966927
-0.09375 -0.0503627482007718
-0.078125 -0.0523259108208859
-0.0625 -0.0520562921499783
-0.046875 -0.0486637801481247
-0.03125 -0.0415067551036039
-0.015625 -0.0303235392166625
0 -0.0153261820910274
0.015625 0.00276811799309969
0.03125 0.0227818161258871
0.046875 0.0431977728237767
0.0625 0.062341605149801
0.078125 0.0786001177355416
0.09375 0.0906437926149831
0.109375 0.0976200376498323
0.125 0.0992874866056677
0.140625 0.0960692882006291
0.15625 0.0890140437420794
0.171875 0.0796657954852562
0.1875 0.0698579428064103
0.203125 0.0614584775922426
0.21875 0.0561033956856384
0.234375 0.0549593979449419
0.25 0.0585544090304888
0.265625 0.0667045761790205
0.28125 0.0785504736621026
0.296875 0.0926960820406326
0.3125 0.107425673379693
0.328125 0.120960064352336
0.34375 0.131707856816576
0.359375 0.138470469281284
0.375 0.14057097514503
0.390625 0.137893114178743
0.40625 0.130834388028429
0.421875 0.120191983567073
0.4375 0.107009523410971
0.453125 0.0924151075113915
0.46875 0.0774773126853516
0.484375 0.0630976361436792
0.5 0.0499478388209408
0.515625 0.0384512121948717
0.53125 0.0287997442603668
0.546875 0.0209953403029445
0.5625 0.0149025902574124
0.578125 0.0103023317112861
0.59375 0.00693839038364954
0.609375 0.00455336280108711
0.625 0.0029123614073932
0.640625 0.00181583685627135
0.65625 0.00110381743670621
0.671875 0.000654288479476236
0.6875 0.000378223960468999
0.703125 0.000213248965225201
0.71875 0.00011728117609404
0.734375 6.29236803168201E-05
0.75 3.29367993192393E-05
0.765625 1.68214630107517E-05
0.78125 8.38285225683661E-06
0.796875 4.0765560871934E-06
0.8125 1.93461291688306E-06
0.828125 8.96018845652175E-07
0.84375 4.05027059975548E-07
0.859375 1.78695858690897E-07
0.875 7.69531966026811E-08
0.890625 3.23472494575185E-08
0.90625 1.32727861923558E-08
0.921875 5.31637105149129E-09
0.9375 2.07878839671192E-09
0.953125 7.93523020282059E-10
0.96875 2.95715851693539E-10
0.984375 1.07588614507999E-10
1 3.82159583791742E-11
