0 0 0
0.0476190476190476 -0.0910338648894531 -0.416846765231547
0.0952380952380952 -0.173967388259261 -0.796654866070373
0.142857142857143 -0.241422390601463 -1.10567668599655
0.19047619047619 -0.287400283301324 -1.31645428018972
0.238095238095238 -0.30781592932379 -1.41025913442357
0.285714285714286 -0.300860344436756 -1.37875627574362
0.333333333333333 -0.267160082871078 -1.22474487139159
0.380952380952381 -0.209719429441092 -0.961909510512074
0.428571428571429 -0.133651048117825 -0.613604268353201
0.476190476190476 -0.0457196514868036 -0.210777594193168
0.523809523809524 0.0462602339327464 0.210777594193167
0.571428571428571 0.134118651558945 0.6136042683532
0.619047619047619 0.210055142722623 0.961909510512073
0.666666666666667 0.267330168558753 1.22474487139159
0.714285714285714 0.300862084751995 1.37875627574362
0.761904761904762 0.307677105251198 1.41025913442357
0.80952380952381 0.287172609434019 1.31645428018972
0.857142857142857 0.241170492985231 1.10567668599655
0.904761904761905 0.173755667478904 0.796654866070373
0.952380952380952 0.090913766948933 0.41684676523155
1 0 0
