2.99573227355399 1.38629436111989
3.04452243772342 0.693147180559945
3.09104245335832 0.693147180559945
3.13549421592915 0.693147180559945
3.17805383034795 0.693147180559945
3.2188758248682 1.09861228866811
3.25809653802148 1.09861228866811
3.29583686600433 1.09861228866811
3.3322045101752 1.38629436111989
3.36729582998647 1.38629436111989
3.40119738166216 1.6094379124341
3.43398720448515 1.6094379124341
3.46573590279973 1.79175946922806
3.49650756146648 1.79175946922806
3.52636052461616 1.94591014905531
3.55534806148941 1.94591014905531
3.58351893845611 2.07944154167984
3.61091791264422 2.19722457733622
3.63758615972639 2.30258509299405
3.66356164612965 2.30258509299405
3.68887945411394 2.39789527279837
3.71357206670431 2.484906649788
3.73766961828337 2.56494935746154
3.76120011569356 2.63905732961526
3.78418963391826 2.70805020110221
3.80666248977032 2.89037175789616
3.8286413964891 2.94443897916644
3.85014760171006 2.99573227355399
3.87120101090789 2.99573227355399
3.89182029811063 3.04452243772342
3.91202300542815 3.13549421592915
3.93182563272433 3.25809653802148
3.95124371858143 3.29583686600433
3.97029191355212 3.29583686600433
3.98898404656427 3.55534806148941
4.00733318523247 3.49650756146648
4.02535169073515 3.52636052461616
4.04305126783455 3.52636052461616
4.06044301054642 3.55534806148941
4.07753744390572 3.61091791264422
4.0943445622221 3.66356164612965
4.11087386417331 3.71357206670431
4.12713438504509 3.93182563272433
4.14313472639153 3.78418963391826
4.15888308335967 3.85014760171006
4.17438726989564 3.89182029811063
4.18965474202643 3.93182563272433
4.20469261939097 3.98898404656427
4.21950770517611 4.07753744390572
4.23410650459726 4.17438726989564
4.24849524204936 4.14313472639153
4.26267987704132 4.21950770517611
4.27666611901606 4.31748811353631
4.29045944114839 4.29045944114839
4.30406509320417 4.30406509320417
4.31748811353631 4.31748811353631
4.33073334028633 4.40671924726425
4.34380542185368 4.4188406077966
4.35670882668959 4.52178857704904
4.36944785246702 4.54329478227
4.38202663467388 4.60517018598809
4.39444915467244 4.58496747867057
4.40671924726425 4.69134788222914
4.4188406077966 4.69134788222914
4.43081679884331 4.70048036579242
4.44265125649032 4.77068462446567
4.45434729625351 4.77912349311153
4.46590811865458 4.79579054559674
4.47733681447821 4.84418708645859
4.48863636973214 4.85981240436167
4.49980967033027 4.87519732320115
4.51085950651685 4.90527477843843
4.52178857704904 5.08140436498446
4.53259949315326 5.27811465923052
4.54329478227 5.17048399503815
4.55387689160054 5.2040066870768
4.56434819146784 5.14166355650266
4.57471097850338 5.15329159449778
4.58496747867057 5.53338948872752
4.59511985013459 5.24702407216049
