2.99573227355399 0.425696551667812
3.09573227355399 0.72071995799741
3.19573227355399 1.01574336432701
3.29573227355399 1.31076677065661
3.39573227355399 1.6057901769862
3.49573227355399 1.9008135833158
3.59573227355399 2.1958369896454
3.69573227355399 2.490860395975
3.79573227355399 2.7858838023046
3.89573227355399 3.08090720863419
3.99573227355399 3.37593061496379
4.09573227355399 3.67095402129339
4.19573227355399 3.96597742762298
4.29573227355399 4.26100083395258
4.39573227355399 4.55602424028218
4.49573227355399 4.85104764661178
