0 0.983405080753466
0.015625 0.985462826168577
0.03125 0.987163971431768
0.046875 0.988509931373316
0.0625 0.989502318925232
0.078125 0.990142939165396
0.09375 0.990433783242199
0.109375 0.990377022193417
0.125 0.989975000672935
0.140625 0.989230230598816
0.15625 0.988145384736094
0.171875 0.986723290227463
0.1875 0.984966922084872
0.203125 0.982879396654774
0.21875 0.980463965069552
0.234375 0.977724006697373
0.25 0.974663022602408
0.265625 0.97128462902705
0.28125 0.967592550907441
0.296875 0.963590615433234
0.3125 0.959282745662179
0.328125 0.954672954199713
0.34375 0.949765336953348
0.359375 0.944564066971228
0.375 0.939073388373824
0.390625 0.933297610387269
0.40625 0.927241101486433
0.421875 0.92090828365536
0.4375 0.914303626772257
0.453125 0.90743164312574
0.46875 0.900296882068622
0.484375 0.892903924815033
0.5 0.885257379386192
0.515625 0.877361875709751
0.53125 0.869222060877071
0.546875 0.860842594562442
0.5625 0.852228144607717
0.578125 0.843383382775447
0.59375 0.834312980673113
0.609375 0.825021605850669
0.625 0.815513918073129
0.640625 0.80579456576957
0.65625 0.795868182659463
0.671875 0.785739384556906
0.6875 0.77541276635288
0.703125 0.764892899175345
0.71875 0.754184327726577
0.734375 0.743291567796835
0.75 0.732219103953092
0.765625 0.720971387401248
0.78125 0.709552834019947
0.796875 0.697967822563802
0.8125 0.686220693033585
0.828125 0.674315745210648
0.84375 0.662257237352617
0.859375 0.65004938504713
0.875 0.637696360220227
0.890625 0.625202290295737
0.90625 0.612571257501859
0.921875 0.599807298320939
0.9375 0.586914403078295
0.953125 0.573896515665793
0.96875 0.560757533395741
0.984375 0.547501306980559
1 0.534131640633578
1.015625 0.520652292286223
1.03125 0.507066973916764
1.046875 0.493379351985765
1.0625 0.479593047973276
1.078125 0.465711639012812
1.09375 0.451738658617111
1.109375 0.437677597490649
1.125 0.423531904423879
1.140625 0.409304987264182
1.15625 0.395000213958503
1.171875 0.380620913662684
1.1875 0.366170377912542
1.203125 0.35165186185176
1.21875 0.337068585511713
1.234375 0.32242373513842
1.25 0.307720464561842
1.265625 0.292961896602847
1.28125 0.278151124513208
1.296875 0.263291213444092
1.3125 0.248385201938592
1.328125 0.233436103443895
1.34375 0.218446907838851
1.359375 0.20342058297271
1.375 0.188360076210976
1.390625 0.173268315984366
1.40625 0.158148213337018
1.421875 0.143002663470146
1.4375 0.127834547277505
1.453125 0.112646732869086
1.46875 0.0974420770796177
1.484375 0.0822234269585336
1.5 0.0669936212381868
1.515625 0.0517554917772183
1.53125 0.0365118649760816
1.546875 0.0212655631618585
1.5625 0.00601940593959871
1.578125 -0.00922378849245409
1.59375 -0.0244612020662836
1.609375 -0.0396900156085875
1.625 -0.054907407648629
1.640625 -0.070110553271652
1.65625 -0.0852966230199348
1.671875 -0.100462781843456
1.6875 -0.115606188102034
1.703125 -0.130723992620691
1.71875 -0.14581333779989
1.734375 -0.160871356782182
1.75 -0.175895172676705
1.765625 -0.190881897842853
1.78125 -0.205828633234355
1.796875 -0.220732467804898
1.8125 -0.235590477976294
1.828125 -0.250399727170157
1.84375 -0.265157265403884
1.859375 -0.279860128951706
1.875 -0.294505340071422
1.890625 -0.309089906797376
1.90625 -0.323610822800118
1.921875 -0.338065067313116
1.9375 -0.352449605126773
1.953125 -0.366761386649938
1.96875 -0.380997348038986
1.984375 -0.395154411394474
2 -0.409229485025272
2.015625 -0.423219463780007
2.03125 -0.437121229445535
2.046875 -0.450931651212118
2.0625 -0.464647586204847
2.078125 -0.478265880080816
2.09375 -0.49178336769143
2.109375 -0.505196873809177
2.125 -0.518503213918095
2.140625 -0.531699195067092
2.15625 -0.544781616785193
2.171875 -0.557747272057719
2.1875 -0.570592948362312
2.203125 -0.583315428763647
2.21875 -0.595911493065612
2.234375 -0.608377919019635
2.25 -0.620711483587783
2.265625 -0.63290896425918
2.28125 -0.644967140418222
2.296875 -0.656882794762989
2.3125 -0.66865271477219
2.328125 -0.680273694218928
2.34375 -0.691742534729461
2.359375 -0.703056047385125
2.375 -0.714211054365482
2.390625 -0.725204390630719
2.40625 -0.736032905641247
2.421875 -0.746693465112418
2.4375 -0.757182952802193
2.453125 -0.767498272329564
2.46875 -0.777636349021482
2.484375 -0.787594131785967
2.5 -0.797368595009092
2.515625 -0.806956740473404
2.53125 -0.816355599295406
2.546875 -0.825562233879578
2.5625 -0.834573739886494
2.578125 -0.843387248212461
2.59375 -0.851999926978142
2.609375 -0.860408983523583
2.625 -0.86861166640702
2.640625 -0.876605267404875
2.65625 -0.88438712351027
2.671875 -0.891954618927433
2.6875 -0.89930518705934
2.703125 -0.906436312485916
2.71875 -0.913345532930157
2.734375 -0.920030441209498
2.75 -0.926488687169796
2.765625 -0.932717979599265
2.78125 -0.938716088119763
2.796875 -0.944480845052821
2.8125 -0.95001014725781
2.828125 -0.955301957939726
2.84375 -0.96035430842403
2.859375 -0.965165299896082
2.875 -0.96973310510269
2.890625 -0.974055970013377
2.90625 -0.978132215438988
2.921875 -0.98196023860533
2.9375 -0.985538514679563
2.953125 -0.988865598247145
2.96875 -0.991940124737178
2.984375 -0.994760811794059
3 -0.997326460593433
3.015625 -0.999635957100473
3.03125 -1.00168827326863
3.046875 -1.00348246817706
3.0625 -1.00501768910492
3.078125 -1.00629317254107
3.09375 -1.0073082451274
3.109375 -1.0080623245345
3.125 -1.00855492026818
3.140625 -1.0087856344056
3.15625 -1.00875416225977
3.171875 -1.00846029297139
3.1875 -1.00790391002698
3.203125 -1.00708499170238
3.21875 -1.00600361143084
3.234375 -1.00465993809502
3.25 -1.00305423624226
3.265625 -1.00118686622266
3.28125 -0.999058284249545
3.296875 -0.996669042382076
3.3125 -0.994019788429774
3.328125 -0.991111265778929
3.34375 -0.987944313140909
3.359375 -0.984519864222509
3.375 -0.980838947318577
3.390625 -0.976902684827284
3.40625 -0.972712292688479
3.421875 -0.968269079745683
3.4375 -0.963574447032398
3.453125 -0.958629886983478
3.46875 -0.95343698257242
3.484375 -0.947997406375554
3.5 -0.942312919564169
3.515625 -0.936385370825729
3.53125 -0.930216695215433
3.546875 -0.923808912939443
3.5625 -0.917164128071201
3.578125 -0.910284527202354
3.59375 -0.903172378029872
3.609375 -0.895830027881021
3.625 -0.888259902177964
3.640625 -0.88046450284379
3.65625 -0.872446406651887
3.671875 -0.864208263520598
3.6875 -0.855752794755223
3.703125 -0.847082791239427
3.71875 -0.838201111578218
3.734375 -0.829110680194699
3.75 -0.819814485382847
3.765625 -0.810315577318615
3.78125 -0.800617066031713
3.796875 -0.790722119340454
3.8125 -0.780633960752071
3.828125 -0.770355867330983
3.84375 -0.759891167537473
3.859375 -0.749243239039294
3.875 -0.738415506498732
3.890625 -0.727411439337662
3.90625 -0.716234549483166
3.921875 -0.70488838909626
3.9375 -0.693376548286324
3.953125 -0.681702652813791
3.96875 -0.669870361783659
3.984375 -0.657883365332412
4 -0.645745382310874
4.015625 -0.633460157965548
4.03125 -0.621031461620968
4.046875 -0.608463084365541
4.0625 -0.595758836743378
4.078125 -0.582922546454541
4.09375 -0.569958056066129
4.109375 -0.556869220736591
4.125 -0.543659905955586
4.140625 -0.530333985301715
4.15625 -0.51689533822037
4.171875 -0.503347847823911
4.1875 -0.489695398716334
4.203125 -0.475941874844537
4.21875 -0.462091157378242
4.234375 -0.44814712262056
4.25 -0.43411363995115
4.265625 -0.419994569803831
4.28125 -0.405793761680477
4.296875 -0.39151505220292
4.3125 -0.377162263204559
4.328125 -0.362739199863274
4.34375 -0.348249648877181
4.359375 -0.333697376684703
4.375 -0.319086127730345
4.390625 -0.304419622777496
4.40625 -0.289701557269485
4.421875 -0.274935599740089
4.4375 -0.260125390274549
4.453125 -0.245274539022127
4.46875 -0.23038662476113
4.484375 -0.215465193517258
4.5 -0.20051375723605
4.515625 -0.18553579251013
4.53125 -0.17053473936186
4.546875 -0.155514000081958
4.5625 -0.140476938124525
4.578125 -0.125426877058872
4.59375 -0.110367099578452
4.609375 -0.0953008465671248
4.625 -0.0802313162229054
4.640625 -0.0651616632392762
4.65625 -0.0500949980440612
4.671875 -0.0350343860957956
4.6875 -0.019982847237442
4.703125 -0.00494335510724336
4.71875 0.010081163393572
4.734375 0.0250878285765926
4.75 0.0400738083859422
4.765625 0.0550363187624088
4.78125 0.0699726239525286
4.796875 0.084880036763235
4.8125 0.0997559187627498
4.828125 0.114597680428435
4.84375 0.129402781242406
4.859375 0.144168729735731
4.875 0.158893083482129
4.890625 0.173573449042087
4.90625 0.188207481858413
4.921875 0.202792886104248
4.9375 0.217327414484625
4.953125 0.231808867992704
4.96875 0.246235095621844
4.984375 0.260603994034718
5 0.274913507190708
5.015625 0.289161625932856
5.03125 0.30334638753567
5.046875 0.317465875215124
5.0625 0.331518217602194
5.078125 0.345501588181343
5.09375 0.359414204695327
5.109375 0.373254328517772
5.125 0.38702026399495
5.140625 0.400710357758223
5.15625 0.414322998008616
5.171875 0.427856613775009
5.1875 0.441309674147441
5.203125 0.454680687487015
5.21875 0.467968200613917
5.234375 0.481170797975053
5.25 0.494287100792807
5.265625 0.507315766196425
5.28125 0.520255486337543
5.296875 0.53310498749133
5.3125 0.545863029144762
5.328125 0.558528403073493
5.34375 0.571099932408801
5.359375 0.583576470696073
5.375 0.595956900946265
5.390625 0.608240134681775
5.40625 0.62042511097814
5.421875 0.632510795502958
5.4375 0.644496179553401
5.453125 0.656380279093684
5.46875 0.668162133793813
5.484375 0.679840806070932
5.5 0.691415380134541
5.515625 0.702884961036848
5.53125 0.714248673729492
5.546875 0.725505662127825
5.5625 0.736655088183938
5.578125 0.747696130969574
5.59375 0.758627985770031
5.609375 0.769449863190148
5.625 0.780160988273414
5.640625 0.790760599635216
5.65625 0.801247948611215
5.671875 0.811622298421784
5.6875 0.821882923353437
5.703125 0.832029107958112
5.71875 0.842060146271157
5.734375 0.851975341048825
5.75 0.861774003026044
5.765625 0.871455450195193
5.78125 0.881019007106596
5.796875 0.890464004191366
5.8125 0.899789777107249
5.828125 0.908995666108031
5.84375 0.918081015437078
5.859375 0.9270451727455
5.875 0.935887488535423
5.890625 0.944607315628813
5.90625 0.953204008662241
5.921875 0.961676923607961
5.9375 0.970025417321628
5.953125 0.978248847116948
5.96875 0.986346570367523
5.984375 0.9943179441361
6 1.00216232483143
6.015625 1.00987906789286
6.03125 1.01746752750283
6.046875 1.0249270563273
6.0625 1.03225700528416
6.078125 1.03945672333976
6.09375 1.04652555733335
6.109375 1.05346285182954
6.125 1.0602679489987
6.140625 1.06694018852507
6.15625 1.07347890754257
6.171875 1.07988344059817
6.1875 1.08615311964242
6.203125 1.09228727404721
6.21875 1.09828523065031
6.234375 1.10414631382645
6.25 1.10986984558473
6.265625 1.11545514569194
6.28125 1.12090153182153
