0 5.8 0.29 0
0.01 5.79833895161224 0.291453387673469 0.000207660714285714
0.0671512003765053 5.78869545084422 0.299890115321568 0.00141443383421006
0.236844381558949 5.758519854959 0.326276897572908 0.00520324746809563
0.569753185811277 5.69216493547523 0.384232764286358 0.0136023002384083
1.06789925168922 5.57287641621198 0.488183116318444 0.0289404674695749
1.68737979139273 5.38510733817495 0.65115507331531 0.0537375885097432
2.36521775622582 5.12037839175258 0.879451266350427 0.0901703418969976
3.04870486038923 4.78257650792709 1.16796393093315 0.139459561139757
3.71167955561365 4.38513206515893 1.50276969129809 0.202098243542981
4.35619260060258 3.94034329023329 1.87033649918609 0.279320210580613
5.01047458258848 3.44765219078214 2.26656006327144 0.375787745946419
5.74278921399153 2.87910716575185 2.70490067301455 0.505992161233604
6.58696094966629 2.25276870102542 3.15352888779352 0.683702411181063
7.18492510769301 1.85603499196468 3.40950842879871 0.824456579236612
7.73375676169572 1.53590074580357 3.59189507188982 0.962204182306608
8.26538343284375 1.26856924913822 3.71993379014424 1.10149696071754
8.78598486566746 1.04656669489514 3.80167925911885 1.241754045986
9.3082220357895 0.860347686914349 3.84491237515295 1.3847399379327
9.84637015000626 0.702272757008457 3.85466184345389 1.53306539953766
10.4155404179749 0.566966181829827 3.83335692802384 1.68967689014634
11.0325931035434 0.450795260555306 3.78138352169702 1.85782121774767
11.7179771098559 0.351314420322146 3.69745678564649 2.04122879403136
12.4985896657356 0.26684915779211 3.57872159280282 2.24442924940507
13.4122519158472 0.196219095474163 3.42061456544123 2.47316633908461
14.5144895529187 0.13857285082401 3.21668377350231 2.73474337567368
15.8854308510955 0.0933122013851769 2.95942753529775 3.03726026331708
17.6174098698169 0.0599867820341566 2.64636593851747 3.38364727944837
19.7478481475909 0.0376001789595017 2.29414969538542 3.75825012565507
22.2328207875125 0.0236902981104107 1.93511745563784 4.13119224625175
25.0336678431608 0.0153147852458356 1.59381275037762 4.48087246437655
28.1649097885179 0.0102575846694598 1.28141981307421 4.79832260225633
31.6902378398613 0.00714876974751181 1.00190664068732 5.08094458956517
35.7146524381876 0.00519685690476276 0.75683899875035 5.32796414434489
40.3878860875192 0.00394926050754418 0.54731470720648 5.53873603228598
45.9214313029443 0.00314373209079202 0.374311599735305 5.7125446681739
52.6236874600642 0.00262503663802772 0.238342423850098 5.84903253951187
60.9658685983399 0.00229887932799527 0.138807325061386 5.94889379561062
71.7071343747585 0.00210563998771893 0.0732276732117785 6.0146666868005
86.1372109921879 0.00200462065950368 0.0366364360899263 6.05135894325057
