0 0
0.01 0.00999625965641078
0.02 0.0199915403239036
0.03 0.0299848630135605
0.04 0.0399752487364636
0.05 0.0499617185036949
0.06 0.0599432933263364
0.07 0.0699189942154702
0.08 0.0798878421821783
0.09 0.0898488582375429
0.1 0.0998010633926458
0.11 0.109743478658569
0.12 0.119675125046395
0.13 0.129595023567206
0.14 0.139502195232083
0.15 0.149395661052109
0.16 0.159274442038366
0.17 0.169137559201935
0.18 0.178984033553899
0.19 0.18881288610534
0.2 0.19862313786734
0.21 0.208413809850981
0.22 0.218183923067345
0.23 0.227932498527515
0.24 0.237658557242571
0.25 0.247361120223596
0.26 0.257039208481673
0.27 0.266691843027883
0.28 0.276318044873308
0.29 0.28591683502903
0.3 0.295487234506132
0.31 0.305028264315696
0.32 0.314538945468803
0.33 0.324018298976535
0.34 0.333465345849975
0.35 0.342879107100205
0.36 0.352258603738307
0.37 0.361602856775362
0.38 0.370910887222453
0.39 0.380181716090662
0.4 0.38941436439107
0.41 0.398607853134761
0.42 0.407761203332816
0.43 0.416873435996317
0.44 0.425943572136345
0.45 0.434970632763984
0.46 0.443953638890316
0.47 0.452891611526421
0.48 0.461783571683383
0.49 0.470628540372283
0.5 0.479425538604203
0.51 0.488173627338405
0.52 0.496872027326863
0.53 0.505519999269734
0.54 0.51411680386717
0.55 0.522661701819326
0.56 0.531153953826358
0.57 0.539592820588419
0.58 0.547977562805665
0.59 0.556307441178249
0.6 0.564581716406327
0.61 0.572799649190052
0.62 0.580960500229579
0.63 0.589063530225064
0.64 0.59710799987666
0.65 0.605093169884521
0.66 0.613018300948803
0.67 0.62088265376966
0.68 0.628685489047246
0.69 0.636426067481717
0.7 0.644103649773226
0.71 0.651717496621928
0.72 0.659266868727978
0.73 0.666751026791529
0.74 0.674169231512738
0.75 0.681520743591758
0.76 0.688804823728743
0.77 0.696020732623849
0.78 0.703167730977229
0.79 0.710245079489039
0.8 0.717252038859432
0.810000000000001 0.724187869788565
0.820000000000001 0.73105183297659
0.830000000000001 0.737843189123662
0.840000000000001 0.744561198929937
0.850000000000001 0.751205123095568
0.860000000000001 0.75777422232071
0.870000000000001 0.764267757305517
0.880000000000001 0.770684988750145
0.890000000000001 0.777025177354747
0.900000000000001 0.783287583819479
0.910000000000001 0.789471468844494
0.920000000000001 0.795576093129948
0.930000000000001 0.801600717375994
0.940000000000001 0.807544602282788
0.950000000000001 0.813407008550483
0.960000000000001 0.819187196879235
0.970000000000001 0.824884427969198
0.980000000000001 0.830497962520526
0.990000000000001 0.836027061233375
1 0.841470984807897
1.01 0.846829064061457
1.02 0.85210091028025
1.03 0.857286204867678
1.04 0.862384629227146
1.05 0.867395864762057
1.06 0.872319592875814
1.07 0.877155494971822
1.08 0.881903252453483
1.09 0.8865625467242
1.1 0.891133059187378
1.11 0.89561447124642
1.12 0.90000646430473
1.13 0.90430871976571
1.14 0.908520919032765
1.15 0.912642743509297
1.16 0.916673874598711
1.17 0.92061399370441
1.18 0.924462782229797
1.19 0.928219921578275
1.2 0.931885093153249
1.21 0.935457978358122
1.22 0.938938258596297
1.23 0.942325615271177
1.24 0.945619729786167
1.25 0.94882028354467
1.26 0.951926957950089
1.27 0.954939434405827
1.28 0.957857394315288
1.29 0.960680519081877
1.3 0.963408490108995
1.31 0.966040988800047
1.32 0.968577696558436
1.33 0.971018294787565
1.34 0.973362464890839
1.35 0.97560988827166
1.36 0.977760246333433
1.37 0.979813220479559
1.38 0.981768492113444
1.39 0.98362574263849
1.4 0.985384653458101
1.41 0.987044905975681
1.42 0.988606181594633
1.43 0.99006816171836
1.44 0.991430527750266
1.45 0.992692961093754
1.46 0.993855143152228
1.47 0.994916755329092
1.48 0.995877479027748
1.49 0.996736995651601
1.5 0.997494986604054
1.51 0.998151216401377
1.52 0.998705782011312
1.53 0.999158863514464
1.54 0.999510640991442
1.55 0.999761294522854
1.56 0.999911004189307
1.57 0.999959950071408
1.58 0.999908312249765
1.59 0.999756270804985
1.6 0.999504005817676
1.61 0.999151697368446
1.62 0.998699525537901
1.63 0.99814767040665
1.64 0.9974963120553
1.65 0.996745630564458
1.66 0.995895806014732
1.67 0.99494701848673
1.68 0.993899448061059
1.69 0.992753274818326
1.7 0.99150867883914
1.71 0.990165840204107
1.72 0.988724938993834
1.73 0.987186155288931
1.74 0.985549669170003
1.75 0.983815660717659
1.76 0.981984310012506
1.77 0.980055797135152
1.78 0.978030302166203
1.79 0.975908005186269
1.8 0.973689086275955
1.81 0.97137372551587
1.82 0.968962102986621
1.83 0.966454398768816
1.84 0.963850792943062
1.85 0.961151465589967
1.86 0.958356596790137
1.87 0.955466366624182
1.88 0.952480955172708
1.89 0.949400542516322
1.9 0.946225308735632
1.91 0.942955433911247
1.92 0.939591098123772
1.93 0.936132481453816
1.94 0.932579763981987
1.95 0.928933125788891
1.96 0.925192746955137
1.97 0.921358807561331
1.98 0.917431487688081
1.99 0.913410967415996
2 0.909297426825681
2.01 0.905091121780715
2.02 0.900792611276548
2.03 0.896402530091601
2.04 0.891921513004296
2.05 0.887350194793052
2.06 0.882689210236292
2.07 0.877939194112434
2.08 0.873100781199901
2.09 0.868174606277113
2.1 0.86316130412249
2.11 0.858061509514454
2.12 0.852875857231426
2.13 0.847604982051825
2.14 0.842249518754074
2.15 0.836810102116591
2.16 0.8312873669178
2.17 0.825681947936119
2.18 0.819994479949971
2.19 0.814225597737775
2.2 0.808375936077952
2.21 0.802446129748924
2.22 0.796436813529111
2.23 0.790348622196933
2.24 0.784182190530812
2.25 0.777938153309169
2.26 0.771617145310423
2.27 0.765219801312997
2.28 0.75874675609531
2.29 0.752198644435783
2.29999999999999 0.745576101112838
2.30999999999999 0.738879760904894
2.31999999999999 0.732110258590374
2.32999999999999 0.725268228947697
2.33999999999999 0.718354306755284
2.34999999999999 0.711369126791556
2.35999999999999 0.704313323834934
2.36999999999999 0.697187532663838
2.37999999999999 0.68999238805669
2.38999999999999 0.68272852479191
2.39999999999999 0.675396577647918
2.40999999999999 0.667997181403137
2.41999999999999 0.660530970835986
2.42999999999999 0.652998580724886
2.43999999999999 0.645400645848258
2.44999999999999 0.637737800984522
2.45999999999999 0.630010680912101
2.46999999999999 0.622219920409413
2.47999999999999 0.614366154254881
2.48999999999999 0.606450017226924
2.49999999999999 0.598472144103964
2.50999999999999 0.590433219475927
2.51999999999999 0.582334127178758
2.52999999999999 0.574175800859909
2.53999999999999 0.565959174166831
2.54999999999999 0.557685180746975
2.55999999999999 0.549354754247792
2.56999999999999 0.540968828316734
2.57999999999999 0.532528336601252
2.58999999999999 0.524034212748797
2.59999999999999 0.515487390406821
2.60999999999999 0.506888803222774
2.61999999999999 0.498239384844107
2.62999999999999 0.489540068918273
2.63999999999999 0.480791789092721
2.64999999999999 0.471995479014904
2.65999999999999 0.463152072332273
2.66999999999999 0.454262502692278
2.67999999999999 0.445327703742372
2.68999999999999 0.436348609130004
2.69999999999999 0.427326152502627
2.70999999999999 0.418261267507692
2.71999999999999 0.409154887792649
2.72999999999999 0.400007947004951
2.73999999999999 0.390821378792048
2.74999999999999 0.381596116801391
2.75999999999999 0.372333094680432
2.76999999999998 0.363033246076622
2.77999999999998 0.353697504637412
2.78999999999998 0.344326804010254
2.79999999999998 0.334922077842598
2.80999999999998 0.325484259781896
2.81999999999998 0.316014283475599
2.82999999999998 0.306513082571158
2.83999999999998 0.296981590716024
2.84999999999998 0.287420741557649
2.85999999999998 0.277831468743484
2.86999999999998 0.26821470592098
2.87999999999998 0.258571386737588
2.88999999999998 0.24890244484076
2.89999999999998 0.239208813877946
2.90999999999998 0.229491427496599
2.91999999999998 0.219751219344168
2.92999999999998 0.209989123068106
2.93999999999998 0.200206072315864
2.94999999999998 0.190403000734892
2.95999999999998 0.180580841972642
2.96999999999998 0.170740529676565
2.97999999999998 0.160882997494113
2.98999999999998 0.151009179072737
2.99999999999998 0.141120008059887
3.00999999999998 0.131216430073098
3.01999999999998 0.121299438610235
3.02999999999998 0.111370039139246
3.03999999999998 0.101429237128079
3.04999999999998 0.0914780380446827
3.05999999999998 0.0815174473570039
3.06999999999998 0.0715484705329911
3.07999999999998 0.0615721130405922
3.08999999999998 0.0515893803477554
3.09999999999998 0.0416012779224284
3.10999999999998 0.0316088112325595
3.11999999999998 0.0216129857460964
3.12999999999998 0.0116148069309872
3.13999999999998 0.00161528025517997
3.14999999999998 -0.0083845888133774
3.15999999999998 -0.0183837948067369
3.16999999999998 -0.0283813322569505
3.17999999999998 -0.0383761956960703
3.18999999999998 -0.0483673796561483
3.19999999999998 -0.0583538786692364
3.20999999999998 -0.0683346872673867
3.21999999999998 -0.0783087999826512
3.22999999999998 -0.0882752113470819
3.23999999999997 -0.0982329158927309
3.24999999999997 -0.10818090815165
3.25999999999997 -0.118118182655892
3.26999999999997 -0.128043733937507
3.27999999999997 -0.137956556528549
3.28999999999997 -0.147855644961069
3.29999999999997 -0.15773999376712
3.30999999999997 -0.167608597478753
3.31999999999997 -0.17746045062802
3.32999999999997 -0.187294547746973
3.33999999999997 -0.197109883367665
3.34999999999997 -0.206905452022147
3.35999999999997 -0.216680248242472
3.36999999999997 -0.226433266560691
3.37999999999997 -0.236163501508856
3.38999999999997 -0.24586994761902
3.39999999999997 -0.255551599423234
3.40999999999997 -0.265207451453551
3.41999999999997 -0.274836498242022
3.42999999999997 -0.284437734320699
3.43999999999997 -0.294010154221635
3.44999999999997 -0.303552752476882
3.45999999999997 -0.313064523618491
3.46999999999997 -0.322544462178514
3.47999999999997 -0.331991562689004
3.48999999999997 -0.341404819682012
3.49999999999997 -0.350783227689591
3.50999999999997 -0.360125811261115
3.51999999999997 -0.369431715015249
3.52999999999997 -0.378700113587979
3.53999999999997 -0.387930181615293
3.54999999999997 -0.397121093733177
3.55999999999997 -0.406272024577619
3.56999999999997 -0.415382148784606
3.57999999999997 -0.424450640990124
3.58999999999997 -0.433476675830161
3.59999999999997 -0.442459427940703
3.60999999999997 -0.451398071957738
3.61999999999997 -0.460291782517253
3.62999999999997 -0.469139734255234
3.63999999999997 -0.47794110180767
3.64999999999997 -0.486695059810545
3.65999999999997 -0.495400782899849
3.66999999999997 -0.504057445711567
3.67999999999997 -0.512664222881687
3.68999999999997 -0.521220289046196
3.69999999999997 -0.52972481884108
3.70999999999996 -0.538176986902327
3.71999999999996 -0.546575967865924
3.72999999999996 -0.554920936367858
3.73999999999996 -0.563211067044115
3.74999999999996 -0.571445534530683
3.75999999999996 -0.57962351346355
3.76999999999996 -0.5877441784787
3.77999999999996 -0.595806704212123
3.78999999999996 -0.603810265299804
3.79999999999996 -0.611754036377732
3.80999999999996 -0.619637192081892
3.81999999999996 -0.627458907048272
3.82999999999996 -0.635218355912859
3.83999999999996 -0.64291471331164
3.84999999999996 -0.650547153880602
3.85999999999996 -0.658114852255731
3.86999999999996 -0.665616983073016
3.87999999999996 -0.673052720968442
3.88999999999996 -0.680421240577998
3.89999999999996 -0.687721716537669
3.90999999999996 -0.694953323483443
3.91999999999996 -0.702115236051307
3.92999999999996 -0.709206628877249
3.93999999999996 -0.716226676597254
3.94999999999996 -0.72317455384731
3.95999999999996 -0.730049435263404
3.96999999999996 -0.736850495481523
3.97999999999996 -0.743576909137655
3.98999999999996 -0.750227850867785
3.99999999999996 -0.756802495307901
4.00999999999996 -0.763300077213909
4.01999999999996 -0.769720071821388
4.02999999999996 -0.776062014485835
4.03999999999996 -0.782325440562748
4.04999999999996 -0.788509885407625
4.05999999999996 -0.794614884375963
4.06999999999996 -0.800639972823261
4.07999999999996 -0.806584686105017
4.08999999999996 -0.812448559576726
4.09999999999996 -0.818231128593888
4.10999999999996 -0.823931928512001
4.11999999999996 -0.829550494686561
4.12999999999996 -0.835086362473067
4.13999999999996 -0.840539067227016
4.14999999999996 -0.845908144303906
4.15999999999996 -0.851193129059235
4.16999999999996 -0.856393556848499
4.17999999999996 -0.861508963027199
4.18999999999996 -0.86653888295083
4.19999999999995 -0.87148285197489
4.20999999999995 -0.876340405454878
4.21999999999995 -0.881111078746291
4.22999999999995 -0.885794407204627
4.23999999999995 -0.890389926185383
4.24999999999995 -0.894897171044056
4.25999999999995 -0.899315677136146
4.26999999999995 -0.90364497981715
4.27999999999995 -0.907884614442564
4.28999999999995 -0.912034116367887
4.29999999999995 -0.916093020948617
4.30999999999995 -0.920060863540252
4.31999999999995 -0.923937179498288
4.32999999999995 -0.927721504178225
4.33999999999995 -0.931413372935558
4.34999999999995 -0.935012321125787
4.35999999999995 -0.938517884104409
4.36999999999995 -0.941929597226921
4.37999999999995 -0.945246995848822
4.38999999999995 -0.948469615325609
4.39999999999995 -0.951596991012779
4.40999999999995 -0.954628658265831
4.41999999999995 -0.957564152440262
4.42999999999995 -0.96040300889157
4.43999999999995 -0.963144762975253
4.44999999999995 -0.965788950046808
4.45999999999995 -0.968335105461733
4.46999999999995 -0.970782764575525
4.47999999999995 -0.973131462743683
4.48999999999995 -0.975380735321704
4.49999999999995 -0.977530117665086
4.50999999999995 -0.979579237559187
4.51999999999995 -0.981528092508803
4.52999999999995 -0.983376772448593
4.53999999999995 -0.985125367313214
4.54999999999995 -0.986773967037323
4.55999999999995 -0.988322661555578
4.56999999999995 -0.989771540802636
4.57999999999995 -0.991120694713154
4.58999999999995 -0.992370213221791
4.59999999999995 -0.993520186263204
4.60999999999995 -0.994570703772049
4.61999999999995 -0.995521855682985
4.62999999999995 -0.996373731930669
4.63999999999995 -0.997126422449758
4.64999999999995 -0.99778001717491
4.65999999999995 -0.998334606040783
4.66999999999994 -0.998790278982032
4.67999999999994 -0.999147125933317
4.68999999999994 -0.999405236829295
4.69999999999994 -0.999564701604623
4.70999999999994 -0.999625610193958
4.71999999999994 -0.999588052531958
4.72999999999994 -0.999452118553281
4.73999999999994 -0.999217898192583
4.74999999999994 -0.998885481384522
4.75999999999994 -0.998454958063757
4.76999999999994 -0.997926418164943
4.77999999999994 -0.997299951622739
4.78999999999994 -0.996575648371802
4.79999999999994 -0.99575359834679
4.80999999999994 -0.994833891482359
4.81999999999994 -0.993816617713168
4.82999999999994 -0.992701866973874
4.83999999999994 -0.991489729199134
4.84999999999994 -0.990180294323606
4.85999999999994 -0.988773652281947
4.86999999999994 -0.987269893008815
4.87999999999994 -0.985669106438866
4.88999999999994 -0.98397138250676
4.89999999999994 -0.982176811147152
4.90999999999994 -0.980285482294701
4.91999999999994 -0.978297485884063
4.92999999999994 -0.976212911849897
4.93999999999994 -0.974031850126859
4.94999999999994 -0.971754390649608
4.95999999999994 -0.9693806233528
4.96999999999994 -0.966910638171094
4.97999999999994 -0.964344525039146
4.98999999999994 -0.961682373891614
4.99999999999994 -0.958924274663155
5.00999999999994 -0.956070356226504
5.01999999999994 -0.953120903206702
5.02999999999994 -0.950076239166865
5.03999999999994 -0.946936687670111
5.04999999999994 -0.943702572279557
5.05999999999994 -0.940374216558321
5.06999999999994 -0.93695194406952
5.07999999999994 -0.933436078376272
5.08999999999994 -0.929826943041694
5.09999999999994 -0.926124861628903
5.10999999999994 -0.922330157701017
5.11999999999994 -0.918443154821153
5.12999999999994 -0.914464176552429
5.13999999999993 -0.910393546457961
5.14999999999993 -0.906231588100868
5.15999999999993 -0.901978625044266
5.16999999999993 -0.897634980851273
5.17999999999993 -0.893200979085007
5.18999999999993 -0.888676943308584
5.19999999999993 -0.884063197085123
5.20999999999993 -0.87936006397774
5.21999999999993 -0.874567867549553
5.22999999999993 -0.86968693136368
5.23999999999993 -0.864717578983237
5.24999999999993 -0.859660133971342
5.25999999999993 -0.854514919891113
5.26999999999993 -0.849282260305666
5.27999999999993 -0.84396247877812
5.28999999999993 -0.838555898871591
5.29999999999993 -0.833062844149198
5.30999999999993 -0.827483638174056
5.31999999999993 -0.821818604509285
5.32999999999993 -0.816068066718
5.33999999999993 -0.81023234836332
5.34999999999993 -0.804311773008363
5.35999999999993 -0.798306664216244
5.36999999999993 -0.792217345550082
5.37999999999993 -0.786044140572994
5.38999999999993 -0.779787372848098
5.39999999999993 -0.77344736593851
5.40999999999993 -0.767024443407349
5.41999999999993 -0.760518928817731
5.42999999999993 -0.753931145732774
5.43999999999993 -0.747261417715596
5.44999999999993 -0.740510068329313
5.45999999999993 -0.733677421137044
5.46999999999993 -0.726763799701905
5.47999999999993 -0.719769527587014
5.48999999999993 -0.712694928355488
5.49999999999993 -0.705540325570444
5.50999999999993 -0.698306254467783
5.51999999999993 -0.69099409697453
5.52999999999993 -0.683605446690493
5.53999999999993 -0.676141897215479
5.54999999999993 -0.668605042149298
5.55999999999993 -0.660996475091757
5.56999999999993 -0.653317789642664
5.57999999999993 -0.645570579401826
5.58999999999993 -0.637756437969053
5.59999999999993 -0.629876958944152
5.60999999999992 -0.621933735926931
5.61999999999992 -0.613928362517198
5.62999999999992 -0.605862432314761
5.63999999999992 -0.597737538919428
5.64999999999992 -0.589555275931007
5.65999999999992 -0.581317236949307
5.66999999999992 -0.573025015574134
5.67999999999992 -0.564680205405297
5.68999999999992 -0.556284400042604
5.69999999999992 -0.547839193085863
5.70999999999992 -0.539346178134882
5.71999999999992 -0.53080694878947
5.72999999999992 -0.522223098649433
5.73999999999992 -0.51359622131458
5.74999999999992 -0.50492791038472
5.75999999999992 -0.496219759459659
5.76999999999992 -0.487473362139206
5.77999999999992 -0.478690312023169
5.78999999999992 -0.469872202711357
5.79999999999992 -0.461020627803576
5.80999999999992 -0.452137180899635
5.81999999999992 -0.443223455599343
5.82999999999992 -0.434281045502506
5.83999999999992 -0.425311544208933
5.84999999999992 -0.416316545318433
5.85999999999992 -0.407297642430812
5.86999999999992 -0.398256429145879
5.87999999999992 -0.389194499063443
5.88999999999992 -0.38011344578331
5.89999999999992 -0.371014862905289
5.90999999999992 -0.361900344029189
5.91999999999992 -0.352771482754816
5.92999999999992 -0.34362987268198
5.93999999999992 -0.334477107410487
5.94999999999992 -0.325314780540146
5.95999999999992 -0.316144485670766
5.96999999999992 -0.306967816402153
5.97999999999992 -0.297786366334116
5.98999999999992 -0.288601729066463
5.99999999999992 -0.279415498199003
6.00999999999992 -0.270229267331542
6.01999999999992 -0.261044630063889
6.02999999999992 -0.251863179995852
6.03999999999992 -0.24268651072724
6.04999999999992 -0.233516215857859
6.05999999999992 -0.224353888987518
6.06999999999992 -0.215201123716025
6.07999999999991 -0.206059513643188
6.08999999999991 -0.196930652368815
6.09999999999991 -0.187816133492715
6.10999999999991 -0.178717550614694
6.11999999999991 -0.169636497334561
6.12999999999991 -0.160574567252124
6.13999999999991 -0.151533353967191
6.14999999999991 -0.14251445107957
6.15999999999991 -0.133519452189069
6.16999999999991 -0.124549950895496
6.17999999999991 -0.115607540798658
6.18999999999991 -0.106693815498365
6.19999999999991 -0.0978103685944241
6.20999999999991 -0.0889587936866428
6.21999999999991 -0.0801406843748297
6.22999999999991 -0.0713576342587923
6.23999999999991 -0.062611236938339
6.24999999999991 -0.0539030860132777
6.25999999999991 -0.0452347750834162
6.26999999999991 -0.0366078977485628
6.27999999999991 -0.0280240476085252
