0 0 0
0.01 0.00958851077208406 4.79425538604203E-05
0.02 0.0191770215441681 0.000191770215441681
0.03 0.0287655323162522 0.000431482984743783
0.04 0.0383540430883362 0.000767080861766725
0.05 0.0479425538604203 0.00119856384651051
0.06 0.0575310646325044 0.00172593193897513
0.07 0.0671195754045884 0.0023491851391606
0.08 0.0767080861766725 0.0030683234470669
0.09 0.0862965969487565 0.00388334686269404
0.1 0.0958851077208406 0.00479425538604203
0.11 0.105473618492925 0.00580104901711086
0.12 0.115062129265009 0.00690372775590052
0.13 0.124650640037093 0.00810229160241103
0.14 0.134239150809177 0.00939674055664238
0.15 0.143827661581261 0.0107870746185946
0.16 0.153416172353345 0.0122732937882676
0.17 0.163004683125429 0.0138553980656615
0.18 0.172593193897513 0.0155333874507762
0.19 0.182181704669597 0.0173072619436117
0.2 0.191770215441681 0.0191770215441681
0.21 0.201358726213765 0.0211426662524454
0.22 0.210947236985849 0.0232041960684434
0.23 0.220535747757933 0.0253616109921624
0.24 0.230124258530018 0.0276149110236021
0.25 0.239712769302102 0.0299640961627627
0.26 0.249301280074186 0.0324091664096441
0.27 0.25888979084627 0.0349501217642464
0.28 0.268478301618354 0.0375869622265695
0.29 0.278066812390438 0.0403196877966135
0.3 0.287655323162522 0.0431482984743783
0.31 0.297243833934606 0.0460727942598639
0.32 0.30683234470669 0.0490931751530704
0.33 0.316420855478774 0.0522094411539978
0.34 0.326009366250858 0.0554215922626459
0.35 0.335597877022942 0.0587296284790149
0.36 0.345186387795026 0.0621335498031048
0.37 0.35477489856711 0.0656333562349155
0.38 0.364363409339194 0.069229047774447
0.39 0.373951920111279 0.0729206244216993
0.4 0.383540430883363 0.0767080861766726
0.41 0.393128941655447 0.0805914330393666
0.42 0.402717452427531 0.0845706650097815
0.43 0.412305963199615 0.0886457820879172
0.44 0.421894473971699 0.0928167842737738
0.45 0.431482984743783 0.0970836715673512
0.46 0.441071495515867 0.101446443968649
0.47 0.450660006287951 0.105905101477669
0.48 0.460248517060035 0.110459644094408
0.49 0.469837027832119 0.115110071818869
0.5 0.479425538604203 0.239712769302102
0.51 0.486666447528277 0.244543229232764
0.52 0.493907356452351 0.249446098252667
0.53 0.501148265376425 0.254421376361811
0.54 0.508389174300499 0.259469063560196
0.55 0.515630083224573 0.264589159847821
0.56 0.522870992148647 0.269781665224687
0.57 0.53011190107272 0.275046579690794
0.58 0.537352809996794 0.280383903246142
0.59 0.544593718920868 0.28579363589073
0.6 0.551834627844942 0.291275777624559
0.61 0.559075536769016 0.296830328447629
0.62 0.56631644569309 0.302457288359939
0.63 0.573557354617164 0.308156657361491
0.64 0.580798263541238 0.313928435452282
0.65 0.588039172465311 0.319772622632315
0.66 0.595280081389385 0.325689218901589
0.67 0.602520990313459 0.331678224260103
0.68 0.609761899237533 0.337739638707858
0.69 0.617002808161607 0.343873462244854
0.7 0.624243717085681 0.35007969487109
0.71 0.631484626009755 0.356358336586567
0.72 0.638725534933829 0.362709387391285
0.73 0.645966443857902 0.369132847285244
0.74 0.653207352781976 0.375628716268443
0.75 0.66044826170605 0.382196994340883
0.76 0.667689170630124 0.388837681502564
0.77 0.674930079554198 0.395550777753486
0.78 0.682170988478272 0.402336283093648
0.79 0.689411897402346 0.409194197523051
0.8 0.69665280632642 0.416124521041695
0.810000000000001 0.703893715250494 0.42312725364958
0.820000000000001 0.711134624174568 0.430202395346705
0.830000000000001 0.718375533098641 0.437349946133071
0.840000000000001 0.725616442022715 0.444569906008678
0.850000000000001 0.732857350946789 0.451862274973525
0.860000000000001 0.740098259870863 0.459227053027614
0.870000000000001 0.747339168794937 0.466664240170943
0.880000000000001 0.754580077719011 0.474173836403513
0.890000000000001 0.761820986643085 0.481755841725323
0.900000000000001 0.769061895567159 0.489410256136374
0.910000000000001 0.776302804491232 0.497137079636666
0.920000000000001 0.783543713415306 0.504936312226199
0.930000000000001 0.79078462233938 0.512807953904972
0.940000000000001 0.798025531263454 0.520752004672986
0.950000000000001 0.805266440187528 0.528768464530241
0.960000000000001 0.812507349111602 0.536857333476737
0.970000000000001 0.819748258035676 0.545018611512473
0.980000000000001 0.82698916695975 0.553252298637451
0.990000000000001 0.834230075883823 0.561558394851668
1 0.841470984807897 0.841470984807898
1.01 0.84459146484382 0.849901297056156
1.02 0.847711944879743 0.858362814104774
1.03 0.850832424915667 0.866855535953751
1.04 0.85395290495159 0.875379462603087
1.05 0.857073384987513 0.883934594052783
1.06 0.860193865023436 0.892520930302838
1.07 0.863314345059359 0.901138471353252
1.08 0.866434825095282 0.909787217204025
1.09 0.869555305131205 0.918467167855157
1.1 0.872675785167129 0.927178323306649
1.11 0.875796265203052 0.9359206835585
1.12 0.878916745238975 0.94469424861071
1.13 0.882037225274898 0.953499018463279
1.14 0.885157705310821 0.962334993116208
1.15 0.888278185346744 0.971202172569496
1.16 0.891398665382667 0.980100556823143
1.17 0.894519145418591 0.989030145877149
1.18 0.897639625454514 0.997990939731515
1.19 0.900760105490437 1.00698293838624
1.2 0.90388058552636 1.01600614184132
1.21 0.907001065562283 1.02506055009677
1.22 0.910121545598206 1.03414616315257
1.23 0.913242025634129 1.04326298100873
1.24 0.916362505670053 1.05241100366525
1.25 0.919482985705976 1.06159023112213
1.26 0.922603465741899 1.07080066337937
1.27 0.925723945777822 1.08004230043697
1.28 0.928844425813745 1.08931514229493
1.29 0.931964905849668 1.09861918895324
1.3 0.935085385885591 1.10795444041192
1.31 0.938205865921515 1.11732089667096
1.32 0.941326345957438 1.12671855773035
1.33 0.944446825993361 1.13614742359011
1.34 0.947567306029284 1.14560749425022
1.35 0.950687786065207 1.15509876971069
1.36 0.95380826610113 1.16462124997152
1.37 0.956928746137053 1.17417493503271
1.38 0.960049226172977 1.18375982489426
1.39 0.9631697062089 1.19337591955617
1.4 0.966290186244823 1.20302321901844
1.41 0.969410666280746 1.21270172328107
1.42 0.972531146316669 1.22241143234406
1.43 0.975651626352592 1.2321523462074
1.44 0.978772106388516 1.24192446487111
1.45 0.981892586424439 1.25172778833517
1.46 0.985013066460362 1.2615623165996
1.47 0.988133546496285 1.27142804966438
1.48 0.991254026532208 1.28132498752952
1.49 0.994374506568131 1.29125313019502
1.5 0.997494986604054 1.49624247990608
1.51 0.995731035408486 1.50620861001614
1.52 0.993967084212919 1.51615710061425
1.53 0.992203133017352 1.5260879517004
1.54 0.990439181821784 1.5360011632746
1.55 0.988675230626217 1.54589673533684
1.56 0.986911279430649 1.55577466788712
1.57 0.985147328235082 1.56563496092545
1.58 0.983383377039514 1.57547761445183
1.59 0.981619425843947 1.58530262846624
1.6 0.979855474648379 1.5951100029687
1.61 0.978091523452812 1.60489973795921
1.62 0.976327572257245 1.61467183343776
1.63 0.974563621061677 1.62442628940435
1.64 0.97279966986611 1.63416310585899
1.65 0.971035718670542 1.64388228280168
1.66 0.969271767474975 1.6535838202324
1.67 0.967507816279407 1.66326771815118
1.68 0.96574386508384 1.67293397655799
1.69 0.963979913888272 1.68258259545285
1.7 0.962215962692705 1.69221357483576
1.71 0.960452011497138 1.70182691470671
1.72 0.95868806030157 1.7114226150657
1.73 0.956924109106003 1.72100067591274
1.74 0.955160157910435 1.73056109724782
1.75 0.953396206714868 1.74010387907095
1.76 0.9516322555193 1.74962902138212
1.77 0.949868304323733 1.75913652418133
1.78 0.948104353128165 1.76862638746859
1.79 0.946340401932598 1.7780986112439
1.8 0.944576450737031 1.78755319550725
1.81 0.942812499541463 1.79699014025864
1.82 0.941048548345896 1.80640944549807
1.83 0.939284597150328 1.81581111122556
1.84 0.937520645954761 1.82519513744108
1.85 0.935756694759193 1.83456152414465
1.86 0.933992743563626 1.84391027133626
1.87 0.932228792368059 1.85324137901592
1.88 0.930464841172491 1.86255484718363
1.89 0.928700889976924 1.87185067583937
1.9 0.926936938781356 1.88112886498316
1.91 0.925172987585789 1.890389414615
1.92 0.923409036390221 1.89963232473488
1.93 0.921645085194654 1.9088575953428
1.94 0.919881133999086 1.91806522643877
1.95 0.918117182803519 1.92725521802279
1.96 0.916353231607952 1.93642757009484
1.97 0.914589280412384 1.94558228265495
1.98 0.912825329216817 1.95471935570309
1.99 0.911061378021249 1.96383878923928
2 0.909297426825681 1.81859485365137
2.01 0.903080921171247 1.82765674539135
2.02 0.896864415516813 1.83665647207479
2.03 0.890647909862378 1.84559403370169
2.04 0.884431404207944 1.85446943027204
2.05 0.878214898553509 1.86328266178584
2.06 0.871998392899075 1.87203372824311
2.07 0.865781887244641 1.88072262964383
2.08 0.859565381590206 1.889349365988
2.09 0.853348875935772 1.89791393727563
2.1 0.847132370281338 1.90641634350671
2.11 0.840915864626903 1.91485658468126
2.12 0.834699358972469 1.92323466079925
2.13 0.828482853318034 1.9315505718607
2.14 0.8222663476636 1.93980431786561
2.15 0.816049842009166 1.94799589881398
2.16 0.809833336354731 1.9561253147058
2.17 0.803616830700297 1.96419256554107
2.18 0.797400325045863 1.9721976513198
2.19 0.791183819391428 1.98014057204199
2.2 0.784967313736994 1.98802132770763
2.21 0.778750808082559 1.99583991831673
2.22 0.772534302428125 2.00359634386928
2.23 0.766317796773691 2.01129060436529
2.24 0.760101291119256 2.01892269980475
2.25 0.753884785464822 2.02649263018767
2.26 0.747668279810388 2.03400039551405
2.27 0.741451774155953 2.04144599578388
2.28 0.735235268501519 2.04882943099717
2.29 0.729018762847085 2.05615070115391
2.29999999999999 0.72280225719265 2.06340980625411
2.30999999999999 0.716585751538216 2.07060674629776
2.31999999999999 0.710369245883781 2.07774152128487
2.32999999999999 0.704152740229347 2.08481413121544
2.33999999999999 0.697936234574913 2.09182457608946
2.34999999999999 0.691719728920478 2.09877285590694
2.35999999999999 0.685503223266044 2.10565897066787
2.36999999999999 0.67928671761161 2.11248292037226
2.37999999999999 0.673070211957175 2.1192447050201
2.38999999999999 0.666853706302741 2.1259443246114
2.39999999999999 0.660637200648306 2.13258177914616
2.40999999999999 0.654420694993872 2.13915706862437
2.41999999999999 0.648204189339438 2.14567019304603
2.42999999999999 0.641987683685003 2.15212115241116
2.43999999999999 0.635771178030569 2.15850994671973
2.44999999999999 0.629554672376135 2.16483657597177
2.45999999999999 0.6233381667217 2.17110104016726
2.46999999999999 0.617121661067266 2.1773033393062
2.47999999999999 0.610905155412832 2.1834434733886
2.48999999999999 0.604688649758397 2.18952144241446
2.49999999999999 0.598472144103963 2.19553724638377
2.50999999999999 0.589325101383084 1.50211934648732
2.51999999999999 0.580178058662202 1.50796686228755
2.52999999999999 0.571031015941321 1.51372290766057
2.53999999999999 0.561883973220439 1.51938748260637
2.54999999999999 0.552736930499558 1.52496058712497
2.55999999999999 0.543589887778676 1.53044222121637
2.56999999999999 0.534442845057794 1.53583238488055
2.57999999999999 0.525295802336913 1.54113107811752
2.58999999999999 0.516148759616031 1.54633830092729
2.59999999999999 0.50700171689515 1.55145405330984
2.60999999999999 0.497854674174268 1.55647833526519
2.61999999999999 0.488707631453386 1.56141114679333
2.62999999999999 0.479560588732505 1.56625248789426
2.63999999999999 0.470413546011623 1.57100235856798
2.64999999999999 0.461266503290741 1.57566075881449
2.65999999999999 0.45211946056986 1.58022768863379
2.66999999999999 0.442972417848978 1.58470314802589
2.67999999999999 0.433825375128097 1.58908713699077
2.68999999999999 0.424678332407215 1.59337965552845
2.69999999999999 0.415531289686333 1.59758070363891
2.70999999999999 0.406384246965452 1.60169028132217
2.71999999999999 0.39723720424457 1.60570838857822
2.72999999999999 0.388090161523689 1.60963502540706
2.73999999999999 0.378943118802807 1.6134701918087
2.74999999999999 0.369796076081925 1.61721388778312
2.75999999999999 0.360649033361044 1.62086611333034
2.76999999999998 0.351501990640162 1.62442686845034
2.77999999999998 0.342354947919281 1.62789615314314
2.78999999999998 0.333207905198399 1.63127396740873
2.79999999999998 0.324060862477517 1.63456031124711
2.80999999999998 0.314913819756636 1.63775518465828
2.81999999999998 0.305766777035754 1.64085858764224
2.82999999999998 0.296619734314873 1.64387052019899
2.83999999999998 0.287472691593991 1.64679098232854
2.84999999999998 0.278325648873109 1.64961997403087
2.85999999999998 0.269178606152228 1.652357495306
2.86999999999998 0.260031563431346 1.65500354615392
2.87999999999998 0.250884520710465 1.65755812657463
2.88999999999998 0.241737477989583 1.66002123656813
2.89999999999998 0.232590435268701 1.66239287613442
2.90999999999998 0.22344339254782 1.6646730452735
2.91999999999998 0.214296349826938 1.66686174398537
2.92999999999998 0.205149307106057 1.66895897227004
2.93999999999998 0.196002264385175 1.67096473012749
2.94999999999998 0.186855221664293 1.67287901755774
2.95999999999998 0.177708178943412 1.67470183456078
2.96999999999998 0.16856113622253 1.67643318113661
2.97999999999998 0.159414093501649 1.67807305728523
2.98999999999998 0.150267050780767 1.67962146300664
2.99999999999998 0.141120008059885 1.68107839830085
3.00999999999998 0.131281943344897 0.424722033936622
3.01999999999998 0.121443878629908 0.425985663046496
3.02999999999998 0.111605813914918 0.42715091150922
3.03999999999998 0.101767749199929 0.428217779324794
3.04999999999998 0.091929684484939 0.429186266493219
3.05999999999998 0.0820916197699495 0.430056373014493
3.06999999999998 0.0722535550549599 0.430828098888618
3.07999999999998 0.0624154903399704 0.431501444115592
3.08999999999998 0.0525774256249809 0.432076408695417
3.09999999999998 0.0427393609099914 0.432552992628092
3.10999999999998 0.0329012961950018 0.432931195913617
3.11999999999998 0.0230632314800123 0.433211018551992
3.12999999999998 0.0132251667650228 0.433392460543217
3.13999999999998 0.00338710205003323 0.433475521887292
3.14999999999998 -0.00645096266495632 0.433460202584218
3.15999999999998 -0.0162890273799458 0.433346502633993
3.16999999999998 -0.0261270920949354 0.433134422036619
3.17999999999998 -0.0359651568099249 0.432823960792095
3.18999999999998 -0.0458032215249144 0.43241511890042
3.19999999999998 -0.055641286239904 0.431907896361596
3.20999999999998 -0.0654793509548935 0.431302293175622
3.21999999999998 -0.075317415669883 0.430598309342498
3.22999999999998 -0.0851554803848726 0.429795944862225
3.23999999999997 -0.0949935450998621 0.428895199734801
3.24999999999997 -0.104831609814852 0.427896073960227
3.25999999999997 -0.114669674529841 0.426798567538504
3.26999999999997 -0.124507739244831 0.425602680469631
3.27999999999997 -0.13434580395982 0.424308412753607
3.28999999999997 -0.14418386867481 0.422915764390434
3.29999999999997 -0.154021933389799 0.421424735380111
3.30999999999997 -0.163859998104789 0.419835325722638
3.31999999999997 -0.173698062819778 0.418147535418016
3.32999999999997 -0.183536127534768 0.416361364466243
3.33999999999997 -0.193374192249757 0.41447681286732
3.34999999999997 -0.203212256964747 0.412493880621248
3.35999999999997 -0.213050321679736 0.410412567728025
3.36999999999997 -0.222888386394726 0.408232874187653
3.37999999999997 -0.232726451109716 0.405954800000131
3.38999999999997 -0.242564515824705 0.403578345165459
3.39999999999997 -0.252402580539695 0.401103509683637
3.40999999999997 -0.262240645254684 0.398530293554665
3.41999999999997 -0.272078709969674 0.395858696778543
3.42999999999997 -0.281916774684663 0.393088719355272
3.43999999999997 -0.291754839399653 0.39022036128485
3.44999999999997 -0.301592904114642 0.387253622567279
3.45999999999997 -0.311430968829632 0.384188503202558
3.46999999999997 -0.321269033544621 0.381025003190686
3.47999999999997 -0.331107098259611 0.377763122531665
3.48999999999997 -0.3409451629746 0.374402861225494
3.49999999999997 -0.35078322768959 0.370944219272173
3.50999999999997 -0.358903613041961 -1.23128973111732
3.51999999999997 -0.367023998394327 -1.2349193691745
3.52999999999997 -0.375144383746693 -1.2386302110852
3.53999999999997 -0.383264769099059 -1.24242225684943
3.54999999999997 -0.391385154451425 -1.24629550646718
3.55999999999997 -0.399505539803791 -1.25024995993846
3.56999999999997 -0.407625925156157 -1.25428561726326
3.57999999999997 -0.415746310508523 -1.25840247844158
3.58999999999997 -0.423866695860889 -1.26260054347343
3.59999999999997 -0.431987081213255 -1.2668798123588
3.60999999999997 -0.440107466565621 -1.2712402850977
3.61999999999997 -0.448227851917987 -1.27568196169011
3.62999999999997 -0.456348237270353 -1.28020484213605
3.63999999999997 -0.464468622622719 -1.28480892643552
3.64999999999997 -0.472589007975085 -1.28949421458851
3.65999999999997 -0.480709393327451 -1.29426070659502
3.66999999999997 -0.488829778679817 -1.29910840245506
3.67999999999997 -0.496950164032183 -1.30403730216862
3.68999999999997 -0.505070549384549 -1.3090474057357
3.69999999999997 -0.513190934736915 -1.31413871315631
3.70999999999996 -0.521311320089281 -1.31931122443044
3.71999999999996 -0.529431705441647 -1.32456493955809
3.72999999999996 -0.537552090794013 -1.32989985853927
3.73999999999996 -0.545672476146379 -1.33531598137397
3.74999999999996 -0.553792861498745 -1.3408133080622
3.75999999999996 -0.561913246851111 -1.34639183860395
3.76999999999996 -0.570033632203477 -1.35205157299922
3.77999999999996 -0.578154017555843 -1.35779251124802
3.78999999999996 -0.586274402908209 -1.36361465335034
3.79999999999996 -0.594394788260575 -1.36951799930618
3.80999999999996 -0.602515173612941 -1.37550254911555
3.81999999999996 -0.610635558965307 -1.38156830277844
3.82999999999996 -0.618755944317673 -1.38771526029486
3.83999999999996 -0.626876329670039 -1.39394342166479
3.84999999999996 -0.634996715022405 -1.40025278688826
3.85999999999996 -0.643117100374771 -1.40664335596524
3.86999999999996 -0.651237485727137 -1.41311512889575
3.87999999999996 -0.659357871079503 -1.41966810567978
3.88999999999996 -0.667478256431869 -1.42630228631734
3.89999999999996 -0.675598641784235 -1.43301767080842
3.90999999999996 -0.6837190271366 -1.43981425915302
3.91999999999996 -0.691839412488967 -1.44669205135115
3.92999999999996 -0.699959797841333 -1.4536510474028
3.93999999999996 -0.708080183193698 -1.46069124730798
3.94999999999996 -0.716200568546065 -1.46781265106668
3.95999999999996 -0.724320953898431 -1.4750152586789
3.96999999999996 -0.732441339250796 -1.48229907014465
3.97999999999996 -0.740561724603163 -1.48966408546392
3.98999999999996 -0.748682109955529 -1.49711030463671
3.99999999999996 -0.756802495307894 -1.50463772766303
4.00999999999996 -0.761217047755053 -3.034800078947
4.01999999999996 -0.765631600202197 -3.04243432218678
4.02999999999996 -0.77004615264934 -3.05011271095104
4.03999999999996 -0.774460705096483 -3.05783524523977
4.04999999999996 -0.778875257543626 -3.06560192505297
4.05999999999996 -0.78328980999077 -3.07341275039064
4.06999999999996 -0.787704362437913 -3.08126772125278
4.07999999999996 -0.792118914885056 -3.0891668376394
4.08999999999996 -0.7965334673322 -3.09711009955048
4.09999999999996 -0.800948019779343 -3.10509750698604
4.10999999999996 -0.805362572226486 -3.11312905994607
4.11999999999996 -0.809777124673629 -3.12120475843057
4.12999999999996 -0.814191677120773 -3.12932460243954
4.13999999999996 -0.818606229567916 -3.13748859197299
4.14999999999996 -0.823020782015059 -3.1456967270309
4.15999999999996 -0.827435334462203 -3.15394900761329
4.16999999999996 -0.831849886909346 -3.16224543372014
4.17999999999996 -0.836264439356489 -3.17058600535147
4.18999999999996 -0.840678991803632 -3.17897072250727
4.19999999999995 -0.845093544250776 -3.18739958518755
4.20999999999995 -0.849508096697919 -3.19587259339229
4.21999999999995 -0.853922649145062 -3.2043897471215
4.22999999999995 -0.858337201592206 -3.21295104637519
4.23999999999995 -0.862751754039349 -3.22155649115335
4.24999999999995 -0.867166306486492 -3.23020608145598
4.25999999999995 -0.871580858933635 -3.23889981728308
4.26999999999995 -0.875995411380779 -3.24763769863465
4.27999999999995 -0.880409963827922 -3.25641972551069
4.28999999999995 -0.884824516275065 -3.26524589791121
4.29999999999995 -0.889239068722208 -3.27411621583619
4.30999999999995 -0.893653621169352 -3.28303067928565
4.31999999999995 -0.898068173616495 -3.29198928825958
4.32999999999995 -0.902482726063638 -3.30099204275798
4.33999999999995 -0.906897278510782 -3.31003894278085
4.34999999999995 -0.911311830957925 -3.3191299883282
4.35999999999995 -0.915726383405068 -3.32826517940001
4.36999999999995 -0.920140935852212 -3.3374445159963
4.37999999999995 -0.924555488299355 -3.34666799811705
4.38999999999995 -0.928970040746498 -3.35593562576228
4.39999999999995 -0.933384593193641 -3.36524739893198
4.40999999999995 -0.937799145640785 -3.37460331762616
4.41999999999995 -0.942213698087928 -3.3840033818448
4.42999999999995 -0.946628250535071 -3.39344759158791
4.43999999999995 -0.951042802982215 -3.4029359468555
4.44999999999995 -0.955457355429358 -3.41246844764756
4.45999999999995 -0.959871907876501 -3.42204509396409
4.46999999999995 -0.964286460323644 -3.43166588580509
4.47999999999995 -0.968701012770788 -3.44133082317056
4.48999999999995 -0.973115565217931 -3.4510399060605
4.49999999999995 -0.977530117665074 -3.46079313447492
4.50999999999995 -0.97715800080506 -4.40865897008524
4.51999999999995 -0.976785883945021 -4.41842868950899
4.52999999999995 -0.976413767084981 -4.42819468776414
4.53999999999995 -0.976041650224942 -4.43795696485069
4.54999999999995 -0.975669533364903 -4.44771552076864
4.55999999999995 -0.975297416504864 -4.45747035551798
4.56999999999995 -0.974925299644825 -4.46722146909873
4.57999999999995 -0.974553182784786 -4.47696886151088
4.58999999999995 -0.974181065924746 -4.48671253275443
4.59999999999995 -0.973808949064707 -4.49645248282937
4.60999999999995 -0.973436832204668 -4.50618871173572
4.61999999999995 -0.973064715344629 -4.51592121947347
4.62999999999995 -0.97269259848459 -4.52565000604261
4.63999999999995 -0.972320481624551 -4.53537507144316
4.64999999999995 -0.971948364764511 -4.5450964156751
4.65999999999995 -0.971576247904472 -4.55481403873845
4.66999999999994 -0.971204131044433 -4.56452794063319
4.67999999999994 -0.970832014184394 -4.57423812135934
4.68999999999994 -0.970459897324355 -4.58394458091688
4.69999999999994 -0.970087780464315 -4.59364731930582
4.70999999999994 -0.969715663604276 -4.60334633652617
4.71999999999994 -0.969343546744237 -4.61304163257791
4.72999999999994 -0.968971429884198 -4.62273320746105
4.73999999999994 -0.968599313024159 -4.63242106117559
4.74999999999994 -0.96822719616412 -4.64210519372153
4.75999999999994 -0.96785507930408 -4.65178560509887
4.76999999999994 -0.967482962444041 -4.66146229530762
4.77999999999994 -0.967110845584002 -4.67113526434775
4.78999999999994 -0.966738728723963 -4.68080451221929
4.79999999999994 -0.966366611863924 -4.69047003892223
4.80999999999994 -0.965994495003885 -4.70013184445657
4.81999999999994 -0.965622378143845 -4.70978992882231
4.82999999999994 -0.965250261283806 -4.71944429201945
4.83999999999994 -0.964878144423767 -4.72909493404799
4.84999999999994 -0.964506027563728 -4.73874185490792
4.85999999999994 -0.964133910703689 -4.74838505459926
4.86999999999994 -0.96376179384365 -4.758024533122
4.87999999999994 -0.96338967698361 -4.76766029047613
4.88999999999994 -0.963017560123571 -4.77729232666167
4.89999999999994 -0.962645443263532 -4.7869206416786
4.90999999999994 -0.962273326403493 -4.79654523552694
4.91999999999994 -0.961901209543454 -4.80616610820667
4.92999999999994 -0.961529092683415 -4.81578325971781
4.93999999999994 -0.961156975823375 -4.82539669006034
4.94999999999994 -0.960784858963336 -4.83500639923427
4.95999999999994 -0.960412742103297 -4.84461238723961
4.96999999999994 -0.960040625243258 -4.85421465407634
4.97999999999994 -0.959668508383219 -4.86381319974447
4.98999999999994 -0.959296391523179 -4.873408024244
4.99999999999994 -0.95892427466314 -4.88299912757494
5.00999999999994 -0.953856595681315 -4.80418527766735
5.01999999999994 -0.94878891669946 -4.81369850522926
5.02999999999994 -0.943721237717605 -4.82316105600134
5.03999999999994 -0.93865355873575 -4.83257292998361
5.04999999999994 -0.933585879753896 -4.84193412717606
5.05999999999994 -0.928518200772041 -4.85124464757869
5.06999999999994 -0.923450521790186 -4.8605044911915
5.07999999999994 -0.918382842808331 -4.86971365801449
5.08999999999994 -0.913315163826476 -4.87887214804766
5.09999999999994 -0.908247484844621 -4.88797996129102
5.10999999999994 -0.903179805862767 -4.89703709774455
5.11999999999994 -0.898112126880912 -4.90604355740827
5.12999999999994 -0.893044447899057 -4.91499934028217
5.13999999999993 -0.887976768917202 -4.92390444636625
5.14999999999993 -0.882909089935347 -4.93275887566052
5.15999999999993 -0.877841410953493 -4.94156262816496
5.16999999999993 -0.872773731971638 -4.95031570387959
5.17999999999993 -0.867706052989783 -4.95901810280439
5.18999999999993 -0.862638374007928 -4.96766982493938
5.19999999999993 -0.857570695026073 -4.97627087028455
5.20999999999993 -0.852503016044219 -4.9848212388399
5.21999999999993 -0.847435337062364 -4.99332093060544
5.22999999999993 -0.842367658080509 -5.00176994558115
5.23999999999993 -0.837299979098654 -5.01016828376704
5.24999999999993 -0.832232300116799 -5.01851594516312
5.25999999999993 -0.827164621134944 -5.02681292976938
5.26999999999993 -0.82209694215309 -5.03505923758582
5.27999999999993 -0.817029263171235 -5.04325486861244
5.28999999999993 -0.81196158418938 -5.05139982284924
5.29999999999993 -0.806893905207525 -5.05949410029623
5.30999999999993 -0.80182622622567 -5.06753770095339
5.31999999999993 -0.796758547243816 -5.07553062482074
5.32999999999993 -0.791690868261961 -5.08347287189827
5.33999999999993 -0.786623189280106 -5.09136444218598
5.34999999999993 -0.781555510298251 -5.09920533568387
5.35999999999993 -0.776487831316396 -5.10699555239195
5.36999999999993 -0.771420152334542 -5.1147350923102
5.37999999999993 -0.766352473352687 -5.12242395543864
5.38999999999993 -0.761284794370832 -5.13006214177725
5.39999999999993 -0.756217115388977 -5.13764965132605
5.40999999999993 -0.751149436407122 -5.14518648408503
5.41999999999993 -0.746081757425267 -5.15267264005419
5.42999999999993 -0.741014078443413 -5.16010811923354
5.43999999999993 -0.735946399461558 -5.16749292162306
5.44999999999993 -0.730878720479703 -5.17482704722277
5.45999999999993 -0.725811041497848 -5.18211049603266
5.46999999999993 -0.720743362515993 -5.18934326805273
5.47999999999993 -0.715675683534139 -5.19652536328298
5.48999999999993 -0.710608004552284 -5.20365678172341
5.49999999999993 -0.705540325570429 -5.21073752337402
5.50999999999993 -0.697017829023025 -3.88748458141007
5.51999999999993 -0.688495332475596 -3.89441214721756
5.52999999999993 -0.679972835928167 -3.90125448805958
5.53999999999993 -0.671450339380738 -3.90801160393613
5.54999999999993 -0.662927842833308 -3.9146834948472
5.55999999999993 -0.654405346285879 -3.92127016079279
5.56999999999993 -0.64588284973845 -3.92777160177292
5.57999999999993 -0.637360353191021 -3.93418781778756
5.58999999999993 -0.628837856643592 -3.94051880883674
5.59999999999993 -0.620315360096163 -3.94676457492043
5.60999999999992 -0.611792863548734 -3.95292511603866
5.61999999999992 -0.603270367001304 -3.95900043219141
5.62999999999992 -0.594747870453875 -3.96499052337868
5.63999999999992 -0.586225373906446 -3.97089538960049
5.64999999999992 -0.577702877359017 -3.97671503085681
5.65999999999992 -0.569180380811588 -3.98244944714767
5.66999999999992 -0.560657884264159 -3.98809863847304
5.67999999999992 -0.55213538771673 -3.99366260483295
5.68999999999992 -0.5436128911693 -3.99914134622738
5.69999999999992 -0.535090394621871 -4.00453486265633
5.70999999999992 -0.526567898074442 -4.00984315411982
5.71999999999992 -0.518045401527013 -4.01506622061782
5.72999999999992 -0.509522904979584 -4.02020406215036
5.73999999999992 -0.501000408432155 -4.02525667871741
5.74999999999992 -0.492477911884726 -4.030224070319
5.75999999999992 -0.483955415337296 -4.03510623695511
5.76999999999992 -0.475432918789867 -4.03990317862574
5.77999999999992 -0.466910422242438 -4.04461489533091
5.78999999999992 -0.458387925695009 -4.04924138707059
5.79999999999992 -0.44986542914758 -4.05378265384481
5.80999999999992 -0.441342932600151 -4.05823869565354
5.81999999999992 -0.432820436052722 -4.06260951249681
5.82999999999992 -0.424297939505293 -4.0668951043746
5.83999999999992 -0.415775442957863 -4.07109547128691
5.84999999999992 -0.407252946410434 -4.07521061323376
5.85999999999992 -0.398730449863005 -4.07924053021512
5.86999999999992 -0.390207953315576 -4.08318522223102
5.87999999999992 -0.381685456768147 -4.08704468928143
5.88999999999992 -0.373162960220718 -4.09081893136638
5.89999999999992 -0.364640463673289 -4.09450794848585
5.90999999999992 -0.356117967125859 -4.09811174063984
5.91999999999992 -0.34759547057843 -4.10163030782837
5.92999999999992 -0.339072974031001 -4.10506365005141
5.93999999999992 -0.330550477483572 -4.10841176730899
5.94999999999992 -0.322027980936143 -4.11167465960108
5.95999999999992 -0.313505484388714 -4.11485232692771
5.96999999999992 -0.304982987841285 -4.11794476928886
5.97999999999992 -0.296460491293855 -4.12095198668453
5.98999999999992 -0.287937994746426 -4.12387397911474
5.99999999999992 -0.279415498198997 -4.12671074657946
6.00999999999992 -0.270893001651568 -4.12946228907872
6.01999999999992 -0.262370505104139 -4.13212860661249
6.02999999999992 -0.25384800855671 -4.1347096991808
6.03999999999992 -0.245325512009281 -4.13720556678363
6.04999999999992 -0.236803015461852 -4.13961620942098
6.05999999999992 -0.228280518914422 -4.14194162709286
6.06999999999992 -0.219758022366993 -4.14418181979927
6.07999999999991 -0.211235525819564 -4.1463367875402
6.08999999999991 -0.202713029272135 -4.14840653031566
6.09999999999991 -0.194190532724706 -4.15039104812565
6.10999999999991 -0.185668036177277 -4.15229034097016
6.11999999999991 -0.177145539629847 -4.15410440884919
6.12999999999991 -0.168623043082418 -4.15583325176275
6.13999999999991 -0.160100546534989 -4.15747686971084
6.14999999999991 -0.15157804998756 -4.15903526269345
6.15999999999991 -0.143055553440131 -4.16050843071059
6.16999999999991 -0.134533056892702 -4.16189637376226
6.17999999999991 -0.126010560345273 -4.16319909184845
6.18999999999991 -0.117488063797844 -4.16441658496916
6.19999999999991 -0.108965567250414 -4.1655488531244
6.20999999999991 -0.100443070702985 -4.16659589631417
6.21999999999991 -0.0919205741555561 -4.16755771453846
6.22999999999991 -0.083398077608127 -4.16843430779728
6.23999999999991 -0.0748755810606978 -4.16922567609062
6.24999999999991 -0.0663530845132687 -4.16993181941849
6.25999999999991 -0.0578305879658396 -4.17055273778089
6.26999999999991 -0.0493080914184104 -4.17108843117781
6.27999999999991 -0.0407855948709813 -4.17153889960926
