0 0 0
0.01 0.00958851077208406 0
0.02 0.0191770215441681 0
0.03 0.0287655323162522 0
0.04 0.0383540430883362 0
0.05 0.0479425538604203 0
0.06 0.0575310646325044 0
0.07 0.0671195754045884 0
0.08 0.0767080861766725 0
0.09 0.0862965969487565 0
0.1 0.0958851077208406 0
0.11 0.105473618492925 0
0.12 0.115062129265009 0
0.13 0.124650640037093 0
0.14 0.134239150809177 0
0.15 0.143827661581261 0
0.16 0.153416172353345 0
0.17 0.163004683125429 0
0.18 0.172593193897513 0
0.19 0.182181704669597 0
0.2 0.191770215441681 0
0.21 0.201358726213765 0
0.22 0.210947236985849 0
0.23 0.220535747757933 0
0.24 0.230124258530018 0
0.25 0.239712769302102 0
0.26 0.249301280074186 0
0.27 0.25888979084627 0
0.28 0.268478301618354 0
0.29 0.278066812390438 0
0.3 0.287655323162522 0
0.31 0.297243833934606 0
0.32 0.30683234470669 0
0.33 0.316420855478774 0
0.34 0.326009366250858 0
0.35 0.335597877022942 0
0.36 0.345186387795026 0
0.37 0.35477489856711 0
0.38 0.364363409339194 0
0.39 0.373951920111279 0
0.4 0.383540430883363 0
0.41 0.393128941655447 0
0.42 0.402717452427531 0
0.43 0.412305963199615 0
0.44 0.421894473971699 0
0.45 0.431482984743783 0
0.46 0.441071495515867 0
0.47 0.450660006287951 0
0.48 0.460248517060035 0
0.49 0.469837027832119 0
0.5 0.479425538604203 0.239712769302102
0.51 0.488967097339327 0.244507024688144
0.52 0.498414752000531 0.249301280074186
0.53 0.507768502587814 0.254095535460228
0.54 0.517028349101176 0.25888979084627
0.55 0.526194291540618 0.263684046232312
0.56 0.53526632990614 0.268478301618354
0.57 0.544244464197742 0.273272557004396
0.58 0.553128694415423 0.278066812390438
0.59 0.561919020559183 0.28286106777648
0.6 0.570615442629024 0.287655323162522
0.61 0.579217960624943 0.292449578548564
0.62 0.587726574546943 0.297243833934606
0.63 0.596141284395022 0.302038089320648
0.64 0.60446209016918 0.30683234470669
0.65 0.612688991869418 0.311626600092732
0.66 0.620821989495736 0.316420855478774
0.67 0.628861083048133 0.321215110864816
0.68 0.63680627252661 0.326009366250858
0.69 0.644657557931167 0.3308036216369
0.7 0.652414939261803 0.335597877022942
0.71 0.660078416518519 0.340392132408984
0.72 0.667647989701314 0.345186387795026
0.73 0.675123658810189 0.349980643181068
0.74 0.682505423845143 0.35477489856711
0.75 0.689793284806178 0.359569153953152
0.76 0.696987241693291 0.364363409339194
0.77 0.704087294506485 0.369157664725237
0.78 0.711093443245757 0.373951920111279
0.79 0.71800568791111 0.378746175497321
0.8 0.724824028502542 0.383540430883363
0.810000000000001 0.731548465020054 0.388334686269405
0.820000000000001 0.738178997463645 0.393128941655447
0.830000000000001 0.744715625833316 0.397923197041489
0.840000000000001 0.751158350129066 0.402717452427531
0.850000000000001 0.757507170350896 0.407511707813573
0.860000000000001 0.763762086498806 0.412305963199615
0.870000000000001 0.769923098572795 0.417100218585657
0.880000000000001 0.775990206572864 0.421894473971699
0.890000000000001 0.781963410499012 0.426688729357741
0.900000000000001 0.78784271035124 0.431482984743783
0.910000000000001 0.793628106129548 0.436277240129825
0.920000000000001 0.799319597833935 0.441071495515867
0.930000000000001 0.804917185464401 0.445865750901909
0.940000000000001 0.810420869020948 0.450660006287951
0.950000000000001 0.815830648503574 0.455454261673993
0.960000000000001 0.821146523912279 0.460248517060035
0.970000000000001 0.826368495247064 0.465042772446077
0.980000000000001 0.831496562507929 0.469837027832119
0.990000000000001 0.836530725694873 0.474631283218161
1 0.841470984807897 0.841470984807898
1.01 0.846328835343158 0.849885694655977
1.02 0.851115772796814 0.858300404504055
1.03 0.855831797168863 0.866715114352134
1.04 0.860476908459307 0.875129824200213
1.05 0.865051106668145 0.883544534048292
1.06 0.869554391795378 0.891959243896371
1.07 0.873986763841005 0.90037395374445
1.08 0.878348222805027 0.908788663592529
1.09 0.882638768687443 0.917203373440608
1.1 0.886858401488253 0.925618083288687
1.11 0.891007121207458 0.934032793136766
1.12 0.895084927845057 0.942447502984845
1.13 0.89909182140105 0.950862212832924
1.14 0.903027801875438 0.959276922681003
1.15 0.90689286926822 0.967691632529082
1.16 0.910687023579397 0.976106342377161
1.17 0.914410264808968 0.98452105222524
1.18 0.918062592956933 0.992935762073319
1.19 0.921644008023293 1.0013504719214
1.2 0.925154510008047 1.00976518176948
1.21 0.928594098911195 1.01817989161756
1.22 0.931962774732738 1.02659460146564
1.23 0.935260537472675 1.03500931131371
1.24 0.938487387131007 1.04342402116179
1.25 0.941643323707733 1.05183873100987
1.26 0.944728347202853 1.06025344085795
1.27 0.947742457616368 1.06866815070603
1.28 0.950685654948277 1.07708286055411
1.29 0.95355793919858 1.08549757040219
1.3 0.956359310367278 1.09391228025027
1.31 0.95908976845437 1.10232699009835
1.32 0.961749313459857 1.11074169994642
1.33 0.964337945383738 1.1191564097945
1.34 0.966855664226013 1.12757111964258
1.35 0.969302469986683 1.13598582949066
1.36 0.971678362665747 1.14440053933874
1.37 0.973983342263206 1.15281524918682
1.38 0.976217408779058 1.1612299590349
1.39 0.978380562213305 1.16964466888298
1.4 0.980472802565947 1.17805937873106
1.41 0.982494129836983 1.18647408857914
1.42 0.984444544026414 1.19488879842721
1.43 0.986324045134238 1.20330350827529
1.44 0.988132633160457 1.21171821812337
1.45 0.989870308105071 1.22013292797145
1.46 0.991537069968079 1.22854763781953
1.47 0.993132918749481 1.23696234766761
1.48 0.994657854449278 1.24537705751569
1.49 0.996111877067469 1.25379176736377
1.5 0.997494986604054 1.49624247990608
1.51 0.99878040751601 1.50621742977212
1.52 0.999941364260311 1.51619237963816
1.53 1.00097785683696 1.5261673295042
1.54 1.00188988524595 1.53614227937024
1.55 1.00267744948729 1.54611722923628
1.56 1.00334054956098 1.55609217910233
1.57 1.00387918546701 1.56606712896837
1.58 1.00429335720539 1.57604207883441
1.59 1.00458306477611 1.58601702870045
1.6 1.00474830817918 1.59599197856649
1.61 1.0047890874146 1.60596692843253
1.62 1.00470540248236 1.61594187829857
1.63 1.00449725338246 1.62591682816461
1.64 1.00416464011492 1.63589177803065
1.65 1.00370756267972 1.64586672789669
1.66 1.00312602107686 1.65584167776273
1.67 1.00242001530635 1.66581662762877
1.68 1.00158954536819 1.67579157749481
1.69 1.00063461126238 1.68576652736085
1.7 0.999555212988905 1.69574147722689
1.71 0.998351350547781 1.70571642709293
1.72 0.997023023939002 1.71569137695897
1.73 0.99557023316257 1.72566632682501
1.74 0.993992978218484 1.73564127669106
1.75 0.992291259106743 1.7456162265571
1.76 0.990465075827349 1.75559117642314
1.77 0.9885144283803 1.76556612628918
1.78 0.986439316765598 1.77554107615522
1.79 0.984239740983241 1.78551602602126
1.8 0.981915701033231 1.7954909758873
1.81 0.979467196915566 1.80546592575334
1.82 0.976894228630248 1.81544087561938
1.83 0.974196796177275 1.82541582548542
1.84 0.971374899556649 1.83539077535146
1.85 0.968428538768369 1.8453657252175
1.86 0.965357713812434 1.85534067508354
1.87 0.962162424688846 1.86531562494958
1.88 0.958842671397603 1.87529057481562
1.89 0.955398453938706 1.88526552468166
1.9 0.951829772312156 1.8952404745477
1.91 0.948136626517952 1.90521542441374
1.92 0.944319016556093 1.91519037427979
1.93 0.940376942426581 1.92516532414583
1.94 0.936310404129414 1.93514027401187
1.95 0.932119401664594 1.94511522387791
1.96 0.927803935032119 1.95509017374395
1.97 0.923364004231991 1.96506512360999
1.98 0.918799609264208 1.97504007347603
1.99 0.914110750128772 1.98501502334207
2 0.909297426825681 1.81859485365137
2.01 0.904395052433414 1.82768782791962
2.02 0.899439040030445 1.83678080218788
2.03 0.894429389616776 1.84587377645614
2.04 0.889366101192406 1.85496675072439
2.05 0.884249174757336 1.86405972499265
2.06 0.879078610311565 1.87315269926091
2.07 0.873854407855093 1.88224567352916
2.08 0.868576567387921 1.89133864779742
2.09 0.863245088910048 1.90043162206568
2.1 0.857859972421474 1.90952459633393
2.11 0.852421217922199 1.91861757060219
2.12 0.846928825412224 1.92771054487044
2.13 0.841382794891548 1.9368035191387
2.14 0.835783126360172 1.94589649340696
2.15 0.830129819818094 1.95498946767521
2.16 0.824422875265317 1.96408244194347
2.17 0.818662292701838 1.97317541621173
2.18 0.812848072127659 1.98226839047998
2.19 0.806980213542779 1.99136136474824
2.2 0.801058716947198 2.0004543390165
2.21 0.795083582340917 2.00954731328475
2.22 0.789054809723935 2.01864028755301
2.23 0.782972399096252 2.02773326182127
2.24 0.776836350457869 2.03682623608952
2.25 0.770646663808785 2.04591921035778
2.26 0.764403339149 2.05501218462604
2.27 0.758106376478515 2.06410515889429
2.28 0.751755775797329 2.07319813316255
2.29 0.745351537105442 2.08229110743081
2.29999999999999 0.738893660402855 2.09138408169906
2.30999999999999 0.732382145689567 2.10047705596732
2.31999999999999 0.725816992965578 2.10957003023558
2.32999999999999 0.719198202230888 2.11866300450383
2.33999999999999 0.712525773485498 2.12775597877209
2.34999999999999 0.705799706729408 2.13684895304035
2.35999999999999 0.699020001962616 2.1459419273086
2.36999999999999 0.692186659185124 2.15503490157686
2.37999999999999 0.685299678396931 2.16412787584512
2.38999999999999 0.678359059598038 2.17322085011337
2.39999999999999 0.671364802788443 2.18231382438163
2.40999999999999 0.664316907968148 2.19140679864989
2.41999999999999 0.657215375137153 2.20049977291814
2.42999999999999 0.650060204295457 2.2095927471864
2.43999999999999 0.64285139544306 2.21868572145466
2.44999999999999 0.635588948579962 2.22777869572291
2.45999999999999 0.628272863706164 2.23687166999117
2.46999999999999 0.620903140821665 2.24596464425943
2.47999999999999 0.613479779926465 2.25505761852768
2.48999999999999 0.606002781020565 2.26415059279594
2.49999999999999 0.598472144103964 2.2732435670642
2.50999999999999 0.590882896446034 1.50216508170093
2.51999999999999 0.583230065316147 1.50814980314197
2.52999999999999 0.575513650714303 1.51413452458301
2.53999999999999 0.567733652640501 1.52011924602404
2.54999999999999 0.559890071094742 1.52610396746508
2.55999999999999 0.551982906077026 1.53208868890612
2.56999999999999 0.544012157587353 1.53807341034716
2.57999999999999 0.535977825625723 1.5440581317882
2.58999999999999 0.527879910192135 1.55004285322924
2.59999999999999 0.51971841128659 1.55602757467028
2.60999999999999 0.511493328909089 1.56201229611132
2.61999999999999 0.503204663059629 1.56799701755236
2.62999999999999 0.494852413738213 1.5739817389934
2.63999999999999 0.486436580944839 1.57996646043444
2.64999999999999 0.477957164679508 1.58595118187548
2.65999999999999 0.46941416494222 1.59193590331652
2.66999999999999 0.460807581732975 1.59792062475756
2.67999999999999 0.452137415051773 1.6039053461986
2.68999999999999 0.443403664898613 1.60989006763964
2.69999999999999 0.434606331273496 1.61587478908068
2.70999999999999 0.425745414176422 1.62185951052172
2.71999999999999 0.416820913607391 1.62784423196275
2.72999999999999 0.407832829566402 1.63382895340379
2.73999999999999 0.398781162053457 1.63981367484483
2.74999999999999 0.389665911068554 1.64579839628587
2.75999999999999 0.380487076611694 1.65178311772691
2.76999999999998 0.371244658682876 1.65776783916795
2.77999999999998 0.361938657282102 1.66375256060899
2.78999999999998 0.35256907240937 1.66973728205003
2.79999999999998 0.343135904064681 1.67572200349107
2.80999999999998 0.333639152248035 1.68170672493211
2.81999999999998 0.324078816959431 1.68769144637315
2.82999999999998 0.314454898198871 1.69367616781419
2.83999999999998 0.304767395966353 1.69966088925523
2.84999999999998 0.295016310261878 1.70564561069627
2.85999999999998 0.285201641085446 1.71163033213731
2.86999999999998 0.275323388437057 1.71761505357835
2.87999999999998 0.26538155231671 1.72359977501939
2.88999999999998 0.255376132724406 1.72958449646043
2.89999999999998 0.245307129660145 1.73556921790146
2.90999999999998 0.235174543123927 1.7415539393425
2.91999999999998 0.224978373115751 1.74753866078354
2.92999999999998 0.214718619635619 1.75352338222458
2.93999999999998 0.204395282683529 1.75950810366562
2.94999999999998 0.194008362259482 1.76549282510666
2.95999999999998 0.183557858363478 1.7714775465477
2.96999999999998 0.173043770995516 1.77746226798874
2.97999999999998 0.162466100155597 1.78344698942978
2.98999999999998 0.151824845843722 1.78943171087082
2.99999999999998 0.141120008059888 1.79541643231186
3.00999999999998 0.130401349836173 0.424771224260197
3.01999999999998 0.11971863420465 0.426182424340795
3.02999999999998 0.109071861165321 0.427593624421394
3.03999999999998 0.098461030718184 0.429004824501993
3.04999999999998 0.0878861428632401 0.430416024582591
3.05999999999998 0.0773471976004891 0.43182722466319
3.06999999999998 0.066844194929931 0.433238424743789
3.07999999999998 0.0563771348515658 0.434649624824387
3.08999999999998 0.0459460173653934 0.436060824904986
3.09999999999998 0.035550842471414 0.437472024985585
3.10999999999998 0.0251916101696274 0.438883225066183
3.11999999999998 0.0148683204600338 0.440294425146782
3.12999999999998 0.00458097334263303 0.44170562522738
3.13999999999998 -0.00567043118257484 0.443116825307979
3.14999999999998 -0.0158858931155898 0.444528025388578
3.15999999999998 -0.0260654124564119 0.445939225469176
3.16999999999998 -0.0362089892050411 0.447350425549775
3.17999999999998 -0.0463166233614774 0.448761625630374
3.18999999999998 -0.0563883149257208 0.450172825710972
3.19999999999998 -0.0664240638977714 0.451584025791571
3.20999999999998 -0.076423870277629 0.45299522587217
3.21999999999998 -0.0863877340652937 0.454406425952768
3.22999999999998 -0.0963156552607656 0.455817626033367
3.23999999999997 -0.106207633864045 0.457228826113966
3.24999999999997 -0.116063669875131 0.458640026194564
3.25999999999997 -0.125883763294024 0.460051226275163
3.26999999999997 -0.135667914120724 0.461462426355761
3.27999999999997 -0.145416122355231 0.46287362643636
3.28999999999997 -0.155128387997546 0.464284826516959
3.29999999999997 -0.164804711047668 0.465696026597557
3.30999999999997 -0.174445091505596 0.467107226678156
3.31999999999997 -0.184049529371332 0.468518426758755
3.32999999999997 -0.193618024644875 0.469929626839353
3.33999999999997 -0.203150577326225 0.471340826919952
3.34999999999997 -0.212647187415382 0.472752027000551
3.35999999999997 -0.222107854912347 0.474163227081149
3.36999999999997 -0.231532579817118 0.475574427161748
3.37999999999997 -0.240921362129696 0.476985627242346
3.38999999999997 -0.250274201850082 0.478396827322945
3.39999999999997 -0.259591098978275 0.479808027403544
3.40999999999997 -0.268872053514275 0.481219227484142
3.41999999999997 -0.278117065458081 0.482630427564741
3.42999999999997 -0.287326134809695 0.48404162764534
3.43999999999997 -0.296499261569116 0.485452827725938
3.44999999999997 -0.305636445736345 0.486864027806537
3.45999999999997 -0.31473768731138 0.488275227887136
3.46999999999997 -0.323802986294223 0.489686427967734
3.47999999999997 -0.332832342684872 0.491097628048333
3.48999999999997 -0.341825756483329 0.492508828128931
3.49999999999997 -0.350783227689593 0.49392002820953
3.50999999999997 -0.359706345308604 -1.23124912919056
3.51999999999997 -0.368596698345303 -1.23475696146745
3.52999999999997 -0.37745428679969 -1.23826479374435
3.53999999999997 -0.386279110671766 -1.24177262602124
3.54999999999997 -0.395071169961529 -1.24528045829814
3.55999999999997 -0.40383046466898 -1.24878829057504
3.56999999999997 -0.412556994794119 -1.25229612285193
3.57999999999997 -0.421250760336946 -1.25580395512883
3.58999999999997 -0.429911761297461 -1.25931178740572
3.59999999999997 -0.438539997675663 -1.26281961968262
3.60999999999997 -0.447135469471554 -1.26632745195952
3.61999999999997 -0.455698176685133 -1.26983528423641
3.62999999999997 -0.4642281193164 -1.27334311651331
3.63999999999997 -0.472725297365354 -1.27685094879021
3.64999999999997 -0.481189710831997 -1.2803587810671
3.65999999999997 -0.489621359716328 -1.283866613344
3.66999999999997 -0.498020244018346 -1.28737444562089
3.67999999999997 -0.506386363738053 -1.29088227789779
3.68999999999997 -0.514719718875447 -1.29439011017469
3.69999999999997 -0.523020309430529 -1.29789794245158
3.70999999999996 -0.5312881354033 -1.30140577472848
3.71999999999996 -0.539523196793758 -1.30491360700537
3.72999999999996 -0.547725493601904 -1.30842143928227
3.73999999999996 -0.555895025827738 -1.31192927155917
3.74999999999996 -0.564031793471261 -1.31543710383606
3.75999999999996 -0.572135796532471 -1.31894493611296
3.76999999999996 -0.580207035011369 -1.32245276838985
3.77999999999996 -0.588245508907955 -1.32596060066675
3.78999999999996 -0.596251218222229 -1.32946843294365
3.79999999999996 -0.60422416295419 -1.33297626522054
3.80999999999996 -0.61216434310384 -1.33648409749744
3.81999999999996 -0.620071758671178 -1.33999192977434
3.82999999999996 -0.627946409656204 -1.34349976205123
3.83999999999996 -0.635788296058918 -1.34700759432813
3.84999999999996 -0.643597417879319 -1.35051542660502
3.85999999999996 -0.651373775117409 -1.35402325888192
3.86999999999996 -0.659117367773186 -1.35753109115882
3.87999999999996 -0.666828195846652 -1.36103892343571
3.88999999999996 -0.674506259337805 -1.36454675571261
3.89999999999996 -0.682151558246647 -1.3680545879895
3.90999999999996 -0.689764092573176 -1.3715624202664
3.91999999999996 -0.697343862317393 -1.3750702525433
3.92999999999996 -0.704890867479298 -1.37857808482019
3.93999999999996 -0.712405108058892 -1.38208591709709
3.94999999999996 -0.719886584056173 -1.38559374937398
3.95999999999996 -0.727335295471142 -1.38910158165088
3.96999999999996 -0.734751242303799 -1.39260941392778
3.97999999999996 -0.742134424554144 -1.39611724620467
3.98999999999996 -0.749484842222177 -1.39962507848157
3.99999999999996 -0.756802495307898 -1.40313291075847
4.00999999999996 -0.764046031735515 -3.03477800618476
4.01999999999996 -0.771174099429235 -3.04234603113784
4.02999999999996 -0.778186698389058 -3.04991405609092
4.03999999999996 -0.785083828614984 -3.057482081044
4.04999999999996 -0.791865490107014 -3.06505010599708
4.05999999999996 -0.798531682865146 -3.07261813095016
4.06999999999996 -0.805082406889382 -3.08018615590323
4.07999999999996 -0.81151766217972 -3.08775418085631
4.08999999999996 -0.817837448736162 -3.09532220580939
4.09999999999996 -0.824041766558707 -3.10289023076247
4.10999999999996 -0.830130615647356 -3.11045825571555
4.11999999999996 -0.836103996002107 -3.11802628066863
4.12999999999996 -0.841961907622962 -3.12559430562171
4.13999999999996 -0.847704350509919 -3.13316233057479
4.14999999999996 -0.85333132466298 -3.14073035552787
4.15999999999996 -0.858842830082144 -3.14829838048095
4.16999999999996 -0.864238866767411 -3.15586640543403
4.17999999999996 -0.869519434718781 -3.16343443038711
4.18999999999996 -0.874684533936255 -3.17100245534018
4.19999999999995 -0.879734164419831 -3.17857048029326
4.20999999999995 -0.884668326169511 -3.18613850524634
4.21999999999995 -0.889487019185294 -3.19370653019942
4.22999999999995 -0.89419024346718 -3.2012745551525
4.23999999999995 -0.898777999015169 -3.20884258010558
4.24999999999995 -0.903250285829261 -3.21641060505866
4.25999999999995 -0.907607103909456 -3.22397863001174
4.26999999999995 -0.911848453255755 -3.23154665496482
4.27999999999995 -0.915974333868157 -3.2391146799179
4.28999999999995 -0.919984745746661 -3.24668270487098
4.29999999999995 -0.923879688891269 -3.25425072982405
4.30999999999995 -0.927659163301981 -3.26181875477713
4.31999999999995 -0.931323168978795 -3.26938677973021
4.32999999999995 -0.934871705921712 -3.27695480468329
4.33999999999995 -0.938304774130733 -3.28452282963637
4.34999999999995 -0.941622373605857 -3.29209085458945
4.35999999999995 -0.944824504347083 -3.29965887954253
4.36999999999995 -0.947911166354413 -3.30722690449561
4.37999999999995 -0.950882359627846 -3.31479492944869
4.38999999999995 -0.953738084167383 -3.32236295440177
4.39999999999995 -0.956478339973022 -3.32993097935485
4.40999999999995 -0.959103127044765 -3.33749900430792
4.41999999999995 -0.96161244538261 -3.345067029261
4.42999999999995 -0.964006294986559 -3.35263505421408
4.43999999999995 -0.966284675856611 -3.36020307916716
4.44999999999995 -0.968447587992766 -3.36777110412024
4.45999999999995 -0.970495031395025 -3.37533912907332
4.46999999999995 -0.972427006063386 -3.3829071540264
4.47999999999995 -0.974243511997851 -3.39047517897948
4.48999999999995 -0.975944549198418 -3.39804320393256
4.49999999999995 -0.977530117665089 -3.40561122888564
4.50999999999995 -0.979019952745616 -4.40866083066954
4.51999999999995 -0.980433789787753 -4.41843613184619
4.52999999999995 -0.981771628791499 -4.42821143302284
4.53999999999995 -0.983033469756854 -4.43798673419949
4.54999999999995 -0.98421931268382 -4.44776203537614
4.55999999999995 -0.985329157572395 -4.45753733655279
4.56999999999995 -0.986363004422579 -4.46731263772944
4.57999999999995 -0.987320853234373 -4.47708793890609
4.58999999999995 -0.988202704007776 -4.48686324008274
4.59999999999995 -0.98900855674279 -4.49663854125939
4.60999999999995 -0.989738411439412 -4.50641384243604
4.61999999999995 -0.990392268097644 -4.5161891436127
4.62999999999995 -0.990970126717486 -4.52596444478935
4.63999999999995 -0.991471987298937 -4.535739745966
4.64999999999995 -0.991897849841998 -4.54551504714265
4.65999999999995 -0.992247714346668 -4.5552903483193
4.66999999999994 -0.992521580812948 -4.56506564949595
4.67999999999994 -0.992719449240838 -4.5748409506726
4.68999999999994 -0.992841319630337 -4.58461625184925
4.69999999999994 -0.992887191981446 -4.5943915530259
4.70999999999994 -0.992857066294164 -4.60416685420255
4.71999999999994 -0.992750942568492 -4.6139421553792
4.72999999999994 -0.992568820804429 -4.62371745655585
4.73999999999994 -0.992310701001976 -4.6334927577325
4.74999999999994 -0.991976583161133 -4.64326805890915
4.75999999999994 -0.991566467281899 -4.65304336008581
4.76999999999994 -0.991080353364274 -4.66281866126246
4.77999999999994 -0.990518241408259 -4.67259396243911
4.78999999999994 -0.989880131413854 -4.68236926361576
4.79999999999994 -0.989166023381059 -4.69214456479241
4.80999999999994 -0.988375917309872 -4.70191986596906
4.81999999999994 -0.987509813200296 -4.71169516714571
4.82999999999994 -0.986567711052329 -4.72147046832236
4.83999999999994 -0.985549610865971 -4.73124576949901
4.84999999999994 -0.984455512641223 -4.74102107067566
4.85999999999994 -0.983285416378085 -4.75079637185231
4.86999999999994 -0.982039322076556 -4.76057167302896
4.87999999999994 -0.980717229736637 -4.77034697420561
4.88999999999994 -0.979319139358327 -4.78012227538227
4.89999999999994 -0.977845050941627 -4.78989757655892
4.90999999999994 -0.976294964486537 -4.79967287773557
4.91999999999994 -0.974668879993056 -4.80944817891222
4.92999999999994 -0.972966797461184 -4.81922348008887
4.93999999999994 -0.971188716890922 -4.82899878126552
4.94999999999994 -0.96933463828227 -4.83877408244217
4.95999999999994 -0.967404561635227 -4.84854938361882
4.96999999999994 -0.965398486949794 -4.85832468479547
4.97999999999994 -0.963316414225971 -4.86809998597212
4.98999999999994 -0.961158343463757 -4.87787528714877
4.99999999999994 -0.958924274663152 -4.88765058832542
5.00999999999994 -0.956596294620112 -4.80421061606226
5.01999999999994 -0.954156490130589 -4.81379985880889
5.02999999999994 -0.951604861194584 -4.82338910155552
5.03999999999994 -0.948941407812097 -4.83297834430216
5.04999999999994 -0.946166129983128 -4.84256758704879
5.05999999999994 -0.943279027707676 -4.85215682979542
5.06999999999994 -0.940280100985742 -4.86174607254205
5.07999999999994 -0.937169349817326 -4.87133531528868
5.08999999999994 -0.933946774202428 -4.88092455803531
5.09999999999994 -0.930612374141048 -4.89051380078194
5.10999999999994 -0.927166149633186 -4.90010304352857
5.11999999999994 -0.923608100678841 -4.9096922862752
5.12999999999994 -0.919938227278014 -4.91928152902184
5.13999999999993 -0.916156529430705 -4.92887077176847
5.14999999999993 -0.912263007136914 -4.9384600145151
5.15999999999993 -0.908257660396641 -4.94804925726173
5.16999999999993 -0.904140489209886 -4.95763850000836
5.17999999999993 -0.899911493576648 -4.96722774275499
5.18999999999993 -0.895570673496928 -4.97681698550162
5.19999999999993 -0.891118028970726 -4.98640622824825
5.20999999999993 -0.886553559998042 -4.99599547099489
5.21999999999993 -0.881877266578875 -5.00558471374152
5.22999999999993 -0.877089148713227 -5.01517395648815
5.23999999999993 -0.872189206401096 -5.02476319923478
5.24999999999993 -0.867177439642483 -5.03435244198141
5.25999999999993 -0.862053848437388 -5.04394168472804
5.26999999999993 -0.85681843278581 -5.05353092747467
5.27999999999993 -0.851471192687751 -5.0631201702213
5.28999999999993 -0.846012128143209 -5.07270941296793
5.29999999999993 -0.840441239152185 -5.08229865571457
5.30999999999993 -0.834758525714679 -5.0918878984612
5.31999999999993 -0.828963987830691 -5.10147714120783
5.32999999999993 -0.823057625500221 -5.11106638395446
5.33999999999993 -0.817039438723268 -5.12065562670109
5.34999999999993 -0.810909427499833 -5.13024486944772
5.35999999999993 -0.804667591829916 -5.13983411219435
5.36999999999993 -0.798313931713517 -5.14942335494098
5.37999999999993 -0.791848447150636 -5.15901259768761
5.38999999999993 -0.785271138141272 -5.16860184043425
5.39999999999993 -0.778582004685426 -5.17819108318088
5.40999999999993 -0.771781046783099 -5.18778032592751
5.41999999999993 -0.764868264434289 -5.19736956867414
5.42999999999993 -0.757843657638996 -5.20695881142077
5.43999999999993 -0.750707226397222 -5.2165480541674
5.44999999999993 -0.743458970708965 -5.22613729691403
5.45999999999993 -0.736098890574226 -5.23572653966066
5.46999999999993 -0.728626985993005 -5.2453157824073
5.47999999999993 -0.721043256965302 -5.25490502515393
5.48999999999993 -0.713347703491117 -5.26449426790056
5.49999999999993 -0.705540325570449 -5.27408351064719
5.50999999999993 -0.69766385129847 -3.88752719389281
5.51999999999993 -0.689761008770349 -3.89458259714851
5.52999999999993 -0.681831797986088 -3.90163800040422
5.53999999999993 -0.673876218945686 -3.90869340365992
5.54999999999993 -0.665894271649143 -3.91574880691562
5.55999999999993 -0.65788595609646 -3.92280421017133
5.56999999999993 -0.649851272287635 -3.92985961342703
5.57999999999993 -0.64179022022267 -3.93691501668274
5.58999999999993 -0.633702799901564 -3.94397041993844
5.59999999999993 -0.625589011324317 -3.95102582319414
5.60999999999992 -0.61744885449093 -3.95808122644985
5.61999999999992 -0.609282329401401 -3.96513662970555
5.62999999999992 -0.601089436055733 -3.97219203296125
5.63999999999992 -0.592870174453923 -3.97924743621696
5.64999999999992 -0.584624544595972 -3.98630283947266
5.65999999999992 -0.576352546481881 -3.99335824272837
5.66999999999992 -0.568054180111648 -4.00041364598407
5.67999999999992 -0.559729445485275 -4.00746904923977
5.68999999999992 -0.551378342602761 -4.01452445249548
5.69999999999992 -0.543000871464107 -4.02157985575118
5.70999999999992 -0.534597032069311 -4.02863525900688
5.71999999999992 -0.526166824418375 -4.03569066226259
5.72999999999992 -0.517710248511298 -4.04274606551829
5.73999999999992 -0.509227304348081 -4.049801468774
5.74999999999992 -0.500717991928722 -4.0568568720297
5.75999999999992 -0.492182311253223 -4.0639122752854
5.76999999999992 -0.483620262321583 -4.07096767854111
5.77999999999992 -0.475031845133802 -4.07802308179681
5.78999999999992 -0.46641705968988 -4.08507848505251
5.79999999999992 -0.457775905989817 -4.09213388830822
5.80999999999992 -0.449108384033614 -4.09918929156392
5.81999999999992 -0.44041449382127 -4.10624469481963
5.82999999999992 -0.431694235352785 -4.11330009807533
5.83999999999992 -0.42294760862816 -4.12035550133103
5.84999999999992 -0.414174613647393 -4.12741090458674
5.85999999999992 -0.405375250410486 -4.13446630784244
5.86999999999992 -0.396549518917438 -4.14152171109814
5.87999999999992 -0.387697419168249 -4.14857711435385
5.88999999999992 -0.37881895116292 -4.15563251760955
5.89999999999992 -0.369914114901449 -4.16268792086526
5.90999999999992 -0.360982910383838 -4.16974332412096
5.91999999999992 -0.352025337610086 -4.17679872737666
5.92999999999992 -0.343041396580194 -4.18385413063237
5.93999999999992 -0.33403108729416 -4.19090953388807
5.94999999999992 -0.324994409751986 -4.19796493714377
5.95999999999992 -0.315931363953671 -4.20502034039948
5.96999999999992 -0.306841949899215 -4.21207574365518
5.97999999999992 -0.297726167588618 -4.21913114691089
5.98999999999992 -0.288584017021881 -4.22618655016659
5.99999999999992 -0.279415498199003 -4.23324195342229
6.00999999999992 -0.270220611119984 -4.240297356678
6.01999999999992 -0.260999355784824 -4.2473527599337
6.02999999999992 -0.251751732193523 -4.2544081631894
6.03999999999992 -0.242477740346082 -4.26146356644511
6.04999999999992 -0.2331773802425 -4.26851896970081
6.05999999999992 -0.223850651882777 -4.27557437295652
6.06999999999992 -0.214497555266913 -4.28262977621222
6.07999999999991 -0.205118090394909 -4.28968517946792
6.08999999999991 -0.195712257266763 -4.29674058272363
6.09999999999991 -0.186280055882477 -4.30379598597933
6.10999999999991 -0.17682148624205 -4.31085138923503
6.11999999999991 -0.167336548345483 -4.31790679249074
6.12999999999991 -0.157825242192774 -4.32496219574644
6.13999999999991 -0.148287567783925 -4.33201759900215
6.14999999999991 -0.138723525118935 -4.33907300225785
6.15999999999991 -0.129133114197804 -4.34612840551355
6.16999999999991 -0.119516335020533 -4.35318380876926
6.17999999999991 -0.10987318758712 -4.36023921202496
6.18999999999991 -0.100203671897567 -4.36729461528066
6.19999999999991 -0.0905077879518731 -4.37435001853637
6.20999999999991 -0.0807855357500384 -4.38140542179207
6.21999999999991 -0.0710369152920628 -4.38846082504778
6.22999999999991 -0.0612619265779465 -4.39551622830348
6.23999999999991 -0.0514605696076894 -4.40257163155918
6.24999999999991 -0.0416328443812915 -4.40962703481489
6.25999999999991 -0.0317787508987529 -4.41668243807059
6.26999999999991 -0.0218982891600733 -4.42373784132629
6.27999999999991 -0.0119914591652531 -4.430793244582
