0 0 0
0.0476190476190476 0.133779018928113 0.613604268353201
0.0952380952380952 0.241062452589327 1.10567668599655
0.142857142857143 0.300600583353673 1.37875627574362
0.19047619047619 0.300597385897843 1.37875627574362
0.238095238095238 0.241046885578632 1.10567668599655
0.285714285714286 0.133734851478854 0.613604268353201
0.333333333333333 -9.42453350389986E-05 8.65927457071936E-17
0.380952380952381 -0.133942216139573 -0.6136042683532
0.428571428571429 -0.241301559353604 -1.10567668599655
0.476190476190476 -0.300902507708964 -1.37875627574362
0.523809523809524 -0.300925826231209 -1.37875627574362
0.571428571428571 -0.241347809473608 -1.10567668599655
0.619047619047619 -0.133951430210119 -0.613604268353201
0.666666666666667 1.74123801811521E-06 -2.59778237121581E-16
0.714285714285714 0.133980506977372 0.6136042683532
0.761904761904762 0.241440968222635 1.10567668599655
0.80952380952381 0.301088623392452 1.37875627574362
0.857142857142857 0.301100709151776 1.37875627574362
0.904761904761905 0.24147036464192 1.10567668599655
0.952380952380952 0.134007892587235 0.613604268353201
1 0 0
