0 0 0
0.0476190476190476 -0.0909634216209072 -0.416846765231547
0.0952380952380952 -0.173844344465075 -0.796654866070373
0.142857142857143 -0.241278433496103 -1.10567668599655
0.19047619047619 -0.287273875329791 -1.31645428018972
0.238095238095238 -0.307743773443034 -1.41025913442357
0.285714285714286 -0.300869285794598 -1.37875627574362
0.333333333333333 -0.267261241394292 -1.22474487139159
0.380952380952381 -0.209905863920316 -0.961909510512074
0.428571428571429 -0.133899429307245 -0.613604268353201
0.476190476190476 -0.0459954418406652 -0.210777594193168
0.523809523809524 0.0459954422868101 0.210777594193167
0.571428571428571 0.133899428737483 0.6136042683532
0.619047619047619 0.209905863646566 0.961909510512073
0.666666666666667 0.267261242029146 1.22474487139159
0.714285714285714 0.300869285851601 1.37875627574362
0.761904761904762 0.307743772844889 1.41025913442357
0.80952380952381 0.287273875488072 1.31645428018972
0.857142857142857 0.241278433902237 1.10567668599655
0.904761904761905 0.173844344227707 0.796654866070373
0.952380952380952 0.0909634215032692 0.41684676523155
1 0 0
