0 0 0
0.0476190476190476 0.045995442160239 0.210777594193167
0.0952380952380952 0.090963422632172 0.416846765231548
0.142857142857143 0.133899430050781 0.613604268353201
0.19047619047619 0.173844344996685 0.796654866070374
0.238095238095238 0.209905864823104 0.961909510512073
0.285714285714286 0.241278434357128 1.10567668599655
0.333333333333333 0.267261241866432 1.22474487139159
0.380952380952381 0.287273875033735 1.31645428018972
0.428571428571429 0.300869284903423 1.37875627574362
0.476190476190476 0.307743771994413 1.41025913442357
0.523809523809524 0.307743771800122 1.41025913442357
0.571428571428571 0.300869284763767 1.37875627574362
0.619047619047619 0.287273875239668 1.31645428018972
0.666666666666667 0.267261241867016 1.22474487139159
0.714285714285714 0.241278434082187 1.10567668599655
0.761904761904762 0.209905864909008 0.961909510512073
0.80952380952381 0.173844345260987 0.796654866070374
0.857142857142857 0.133899429877401 0.613604268353201
0.904761904761905 0.0909634224981748 0.416846765231548
0.952380952380952 0.0459954424871744 0.210777594193167
1 0 0
