0 5.8 0.29 0
0.01 5.79767284266743 0.291911510393796 0.00041564693877551
0.0216077401746326 5.79495349004443 0.294144955867964 0.000901554087600954
0.0343387387106481 5.79194855828743 0.296612686639863 0.00143875507270341
0.0478132817769406 5.78874239209899 0.299245369200282 0.00201223870072472
0.0617594497269259 5.78539594181233 0.301992904562102 0.00261115362556987
0.0759924825695176 5.78195101032513 0.304820933979718 0.00322805569514728
0.0903908051499733 5.77843537662954 0.307706625550644 0.00385799781981301
0.104876039594516 5.77486713799052 0.310635104139149 0.004497757870335
0.11939835762691 5.77125793083352 0.3135968036289 0.00514526553758378
0.133926420400877 5.76761516661282 0.316585629174822 0.00579920421235457
0.148440714788847 5.76394352779883 0.319597727757273 0.00645874444389412
0.162929232365213 5.76024594745167 0.322630683245721 0.00712336930260678
0.177384703305869 5.75652424233829 0.325682996220678 0.00779276144103332
0.191802839629742 5.75277951885837 0.328753750502175 0.00846673063945037
0.206181224964615 5.74901243200754 0.331842400436574 0.00914516755588729
0.220518615081016 5.74522335006478 0.334948635638797 0.0098280142964201
0.234814498096045 5.74141245911468 0.33807229515885 0.0105152457264688
0.249068818314412 5.73757982929719 0.341213313083956 0.0112068576188559
0.263281802985987 5.73372545676134 0.344371684093999 0.0119028591446578
0.277453853709842 5.72984929021537 0.347547441665552 0.0126032681190738
0.291585478413141 5.72595124771918 0.350740644287223 0.0133081079935992
0.30567724878311 5.72203122729902 0.353951366746444 0.0140174059545303
0.319729773660297 5.71808911365236 0.35717969462551 0.0147311917221251
0.333743682438257 5.71412478237858 0.360425720828008 0.0154494967934121
0.347719614735012 5.71013810264449 0.36368954338962 0.0161723539658879
0.361658213994611 5.70612893885959 0.366971264101356 0.0168997970390545
0.375560123550733 5.70209715172475 0.370270987646681 0.0176318606285695
0.389425984232082 5.69804259888451 0.373588821063764 0.0183685800517264
0.403256432932804 5.6939651353284 0.376924873413455 0.0191099912581401
0.417052101786432 5.68986461363338 0.380279255577512 0.019856130789109
0.430813617716832 5.68574088410544 0.383652080139366 0.020607035755197
0.444541602224251 5.68159379485732 0.387043461317256 0.0213627438254208
0.458236671317544 5.67742319184546 0.390453514930675 0.0221232932238609
0.47189943553693 5.67322891888086 0.393882358388082 0.0228887227310527
0.485530500032427 5.66901081762323 0.397330110688279 0.0236590716884878
0.49913046467619 5.66476872756419 0.400796892430636 0.0244343800051714
0.512699924195131 5.66050248600327 0.404282825831154 0.0252146881655729
0.526239468315346 5.656211928019 0.407788034742446 0.026000037238551
0.539749681913083 5.65189688643656 0.411312644676442 0.026790468886993
0.553231145168976 5.64755719179293 0.414856782829062 0.0275860253780052
0.566684433723553 5.64319267230004 0.418420578106404 0.0283867495935563
0.580110118832814 5.63880315380635 0.422004161152135 0.0291926850415114
0.593508767523134 5.63438845975704 0.425607664375935 0.0300038758670236
0.606880942745114 5.62994841115285 0.429231221982884 0.030820366864264
0.620227203526139 5.6254828265078 0.432874970003719 0.031642203488481
0.633548105121554 5.62099152180564 0.436539046325967 0.0324694318683884
0.646844199164439 5.61647431045521 0.44022359072591 0.0333020988188836
0.660116033814 5.61193100324448 0.443928744901418 0.034140251854101
0.673364153902634 5.60736140829356 0.447654652505634 0.0349839392008095
0.686589101081742 5.60276533100629 0.451401459181549 0.0358332098121618
0.699791413966362 5.59814257402071 0.455169312597481 0.0366881133818042
0.71297162827872 5.59349293715817 0.458958362483475 0.0375487003583594
0.726130276990782 5.58881621737104 0.462768760668664 0.0384150219602922
0.739267890465914 5.58411220868922 0.466600661119607 0.0392871301911704
0.752384996599728 5.57938070216503 0.470454219979641 0.0401650778553328
0.765482120960231 5.57462148581675 0.474329595609273 0.0410489185739778
0.778559786927354 5.56983434457067 0.478226948627646 0.0419387068016855
0.791618515831978 5.56501906020149 0.48214644195512 0.0428344978433878
0.804658827094536 5.56017541127122 0.486088240856983 0.0437363478718005
0.817681238363305 5.55530317306631 0.490052512988359 0.0446443139453334
0.830686265652481 5.55040211753319 0.494039428440318 0.0455584540264931
0.84367442348013 5.54547201321195 0.498049159787254 0.0464788270007959
0.856646225006132 5.54051262516823 0.502081882135561 0.047405492696207
0.869602182170192 5.53552371492323 0.506137773173641 0.0483385119031241
0.882542805830059 5.53050504038176 0.510217013223314 0.0492779463949243
0.895468605900011 5.52545635575826 0.514319785292644 0.0502238589490928
0.908380091489749 5.52037741150079 0.51844627513026 0.0511763133689536
0.921277771043782 5.51526795421278 0.522596671281194 0.0521353745060232
0.934162152481426 5.51012772657267 0.526771165144318 0.053101108283009
0.947033743337508 5.50495646725112 0.530969951031404 0.0540735817174746
0.959893050903911 5.49975391082592 0.535193226227885 0.055052862946196
0.972740582372051 5.49451978769439 0.539441191055375 0.0560390212502332
0.985576844976409 5.48925382398327 0.543714048935991 0.0570321270807422
0.998402346139252 5.48395574145588 0.548012006458565 0.058032252085555
1.01121759361663 5.47862525741664 0.552335273446802 0.0590394691365544
1.02402309564582 5.47326208461268 0.556684063029449 0.0600538523578739
1.03681936109429 5.4678659311325 0.561058591712552 0.0610754771549513
1.04960689961036 5.46243650030164 0.565459079453892 0.0621044202444694
1.06238622177566 5.45697349057514 0.569885749739647 0.0631407596852157
1.07515783925958 5.45147659542671 0.574338829663394 0.064184574909896
1.08792226497577 5.44594550323453 0.578818550007527 0.0652359467579376
1.1006800132409 5.44037989716351 0.583325145327168 0.0662949575093209
1.11343159993578 5.43477945504383 0.587858854036691 0.0673616909194768
1.12617754266914 5.42914384924577 0.592419918498937 0.0684362322552934
1.13891836094398 5.42347274655049 0.597008585117235 0.0695186683322729
1.1516545763269 5.41776580801678 0.601625104430331 0.0706090875528861
1.16438671262044 5.41202268884349 0.606269731210342 0.0717075799461695
1.17711529603871 5.40624303822753 0.610942724563854 0.0728142372086159
1.18984085538636 5.4004264992173 0.615644348036288 0.0739291527464099
1.20256392224128 5.39457270856128 0.620374869719656 0.0750524217190623
1.21528503114103 5.38868129655164 0.62513456236386 0.076184141084501
1.22800471977337 5.38275188686266 0.62992370349166 0.0773244096456765
1.24072352917102 5.37678409638377 0.634742575517477 0.0784733280987475
1.25344200391092 5.37077753504692 0.639591465870167 0.0796309990829084
1.26616069231822 5.36473180564811 0.64447066711996 0.0807975272319308
1.27888014667524 5.3586465036628 0.649380477109705 0.0819730192274904
1.29160092343569 5.35252121705501 0.654321199090634 0.0831575838543539
1.30432358344441 5.34635552607968 0.659293141862811 0.0843513320575085
1.31704869216288 5.3401490030782 0.664296619920481 0.0855543770013155
1.32977681990089 5.33390121226669 0.669331953602528 0.0867668341307775
1.34250854205462 5.32761170951672 0.674399469248264 0.0879888212350122
1.3552444393514 5.32128004212819 0.679499499358774 0.0892204585130305
1.3679850981017 5.314905748594 0.684632382764081 0.0904618686419207
1.38073111045852 5.30848835835607 0.689798464796376 0.0917131768475497
1.39348307468456 5.30202739155252 0.694998097469586 0.0929745109778933
1.4062415954278 5.2955223587553 0.70023163966558 0.0942460015791168
1.41900728400563 5.28897276069816 0.705499457327302 0.0955277819745334
1.43178075869815 5.28237808799426 0.71080192365916 0.0968199883465747
1.44456264505108 5.27573782084307 0.716139419335011 0.0981227598219134
1.45735357618874 5.26905142872603 0.721512332714084 0.0994362385598899
1.47015419313765 5.26231837009036 0.726921060065239 0.100760569844399
1.48296514516133 5.25553809202065 0.732366005799943 0.102095902179403
1.49578709010679 5.24871002989735 0.737847582714397 0.103442387388257
1.50862069476348 5.24183360704175 0.743366212241243 0.10480018071701
1.52146663523514 5.23490823434674 0.748922324711346 0.106169440941914
1.53432559732552 5.22793330989255 0.75451635962613 0.107550330481319
1.54719827693839 5.2209082185468 0.760148765941002 0.108943015512194
1.56008538049286 5.21383233154805 0.765820002360439 0.110347666091506
1.57298762535475 5.20670500607199 0.771530537645308 0.111764456282702
1.58590574028479 5.19952558477935 0.777280850933076 0.113193564287569
1.59884046590473 5.1922933953447 0.783071432071561 0.114635172583741
1.61179255518224 5.18500774996488 0.788902781966952 0.116089468068165
1.62476277393563 5.17766794484632 0.794775412946835 0.117556642206839
1.63775190135966 5.17027325966978 0.80068984913906 0.119036891191157
1.65076073057334 5.1628229570315 0.806646626867275 0.120530416101225
1.66379006919125 5.15531628185939 0.812646295064063 0.122037423076543
1.67684073991956 5.14775246080292 0.818689415702645 0.123558123494436
1.68991358117827 5.14013070159511 0.824776564248187 0.125092734156702
1.70300944775107 5.13245019238525 0.830908330129824 0.12664147748492
1.7161292114646 5.1247101010405 0.837085317234573 0.128204581724927
1.72927376189877 5.11690957441459 0.843308144424411 0.129782281160993
1.74244400712995 5.10904773758187 0.849577446077859 0.131374816340265
1.75564087450915 5.10112369303439 0.855893872657517 0.132982434308087
1.76886531147719 5.09313651984004 0.862258091305112 0.134605388854847
1.78211828641925 5.08508527275925 0.868670786465691 0.136243940775057
1.79540078956118 5.07696898131783 0.875132660542766 0.137898358139406
1.8087138339102 5.0687866488331 0.881644434586298 0.1395689165806
1.8220584562429 5.06053725139057 0.888206849015581 0.141255899593849
1.83543571814346 5.05221973676784 0.894820664379225 0.142959598852932
1.84884670709545 5.04383302330255 0.901486662154607 0.144680314542836
1.86229253763069 5.03537599870059 0.90820564558935 0.146418355710059
1.87577435253899 5.02684751878071 0.914978440587567 0.148174040631723
1.88929332414278 5.01824640615139 0.921805896643851 0.149947697204757
1.90285065564124 5.00957144881529 0.928688887828202 0.151739663356508
1.91644758252848 5.00082139869641 0.935628313825357 0.153550287478224
1.93008537409115 4.99199497008471 0.942625101032265 0.155379928883023
1.94376533499089 4.98309083799222 0.949680203717757 0.157228958290018
1.95748880693789 4.9741076364147 0.95679460524881 0.159097758336492
1.97125717046198 4.96504395649172 0.963969319388155 0.160986724120118
1.98507184678852 4.95589834455816 0.97120539166842 0.162896263773417
1.99893429982684 4.94666930007875 0.978503900848419 0.164826799072827
2.01284603827967 4.9373552734573 0.985865960457714 0.166778766084987
2.02680861788293 4.92795466371083 0.993292720436125 0.168752615853042
2.04082364378576 4.91846581599849 1.00078536887545 0.170748815126055
2.05489277308204 4.90888701899373 1.00834513387137 0.172767847134898
2.06901771750531 4.89921650208755 1.01597328549417 0.174810212418278
2.08320024630025 4.88945243240915 1.02367113788789 0.176876429702957
2.09744218928544 4.87959291164919 1.03144005150825 0.178967036842555
2.11174544012301 4.86963597266941 1.03928143551078 0.181082591819805
2.12611195981289 4.85957957588052 1.0471967503019 0.183223673817577
2.14054378043081 4.84942160536883 1.0551875102666 0.185390884364564
2.15504300913137 4.83915986474976 1.06325528668816 0.18758484856208
2.16961183243957 4.82879207272417 1.0714017108767 0.189806216399129
2.18425252085688 4.81831585831111 1.07962847752522 0.192055664163664
2.19896743381049 4.80772875572737 1.08793734831386 0.194333895958772
2.21375902497778 4.79702819888128 1.09633015578519 0.196641645333524
2.22862984802145 4.78621151544457 1.10480880751614 0.198979677039288
2.24358256277496 4.77527592046167 1.11337529061481 0.201348788923525
2.25861994192221 4.76421850945161 1.12203167657388 0.203749813974513
2.27374487822108 4.75303625095203 1.13078012651601 0.206183622531962
2.28896039232576 4.74172597844898 1.13962289687068 0.208651124680341
2.30426964127021 4.73028438162922 1.14856234552702 0.211153272843761
2.31967592768226 4.71870799688393 1.15760093851249 0.213691064603582
2.33518270980714 4.70699319698367 1.16674125725368 0.216265545762649
2.35079361242923 4.69513617983405 1.17598600648284 0.218877813683108
2.36651243879256 4.68313295620977 1.1853380228619 0.221529020928334
2.3823431836344 4.67097933635063 1.19480028440574 0.22422037924363
2.39829004746176 4.65867091528739 1.20437592079751 0.226953163915095
2.41435745221917 4.64620305674658 1.21406822470178 0.229728718551638
2.43055005851739 4.63357087546169 1.22388066419675 0.232548460341562
2.44687278461774 4.62076921769294 1.23381689646434 0.235413885842719
2.46333082739607 4.60779263972789 1.243880782898 0.238326577374111
2.4799296855452 4.59463538410012 1.2540764058126 0.241288210087274
2.49667518531527 4.58129135322184 1.26440808696998 0.244300559808173
2.51357350914035 4.56775408007693 1.27488040816809 0.247365511754978
2.53063122755745 4.55401669556232 1.28549823418304 0.250485070254637
2.54781769314915 4.54010244716746 1.29624315357498 0.253654399257551
2.56507706631002 4.52605568152207 1.30708053842312 0.256863780054811
2.5823743590394 4.51190461460922 1.31798830657918 0.260107078811592
2.59968789403362 4.49766710253632 1.32895242556176 0.263380471901916
2.61700442815277 4.483354396645 1.3399639893527 0.266681614002302
2.63431603760659 4.46897355666421 1.35101734142472 0.270009101911065
2.65161814347083 4.45452898960073 1.36210887877366 0.273362131625605
2.66890826597105 4.44002342641205 1.37323629351037 0.276740280077581
2.68618524090138 4.42545853999221 1.38439809336936 0.280143366638422
2.70344872769334 4.41083533544566 1.39559329913449 0.283571365419849
2.72069890099262 4.39615439624523 1.40682125393533 0.287024349819447
2.73793625748437 4.38141603935983 1.41808150314416 0.290502457496009
2.75516149501211 4.36662041295578 1.42937371877125 0.294005868272968
2.77237543701165 4.35176755790022 1.4406976518832 0.297534790216585
2.78957898533569 4.33685744646029 1.45205310265885 0.301089450880862
2.8067730908604 4.32189000664112 1.46343990154162 0.304670091817256
2.82395873522734 4.30686513748179 1.47485789737091 0.308276965147297
2.84113691955781 4.2917827186595 1.48630694990163 0.311910331438871
2.85830865753294 4.27664261651079 1.49778692508246 0.315570458406751
2.87547497120773 4.26144468779771 1.50929769206763 0.319257620134654
2.89263688853721 4.24618878205418 1.52083912131802 0.322972096627792
2.90979544197572 4.23087474303848 1.53241108338617 0.326714173575343
2.92695166774901 4.2155024096225 1.54401344813069 0.330484142246815
2.94410660554899 4.20007161632588 1.55564608419977 0.334282299474348
2.96126129849468 4.18458219362584 1.56730885868339 0.338108947690766
2.97841679326156 4.16903396812497 1.57900163687065 0.341964395004373
2.9955741403182 4.15342676262864 1.59072428207278 0.345848955298575
3.01273439423235 4.13776039616461 1.60247665548652 0.349762948348863
3.02989861402261 4.12203468396505 1.61425861608243 0.353706699952516
3.04706786354128 4.10624943742394 1.62607002050789 0.357680542068173
3.06424321187937 4.09040446403756 1.6379107229989 0.36168481296354
3.08142573378831 4.07449956733335 1.64978057529642 0.365719857370223
3.09861651011522 4.05853454678998 1.66167942656489 0.36978602664513
3.11581662824997 4.04250919775051 1.67360712331132 0.373883678938166
3.1330271825831 4.02642331132998 1.68556350930385 0.378013179366162
3.1502492749742 4.0102766743178 1.69754842548915 0.382174900193052
3.1674840152309 3.99406906907543 1.70956170990811 0.386369221016452
3.18473252159853 3.97780027342955 1.72160319760963 0.390596528960811
3.20199592126109 3.96147006056054 1.7336727205621 0.39485721887735
3.21927535085375 3.94507819888646 1.74577010756248 0.399151693551059
3.23657195698778 3.92862445194221 1.75789518414276 0.403480363915023
3.25388689678833 3.91210857825386 1.77004777247376 0.407843649272381
3.27122133844586 3.89553033120785 1.78222769126591 0.41224197752624
3.28857646178197 3.87888945891495 1.79443475566715 0.416675785417895
3.30595345883043 3.86218570406876 1.80666877715754 0.421145518773706
3.32335353443421 3.84541880379831 1.81892956344066 0.425651632761029
3.3407779068594 3.82858848951487 1.83121691833153 0.430194592153596
3.35822780842698 3.8116944867523 1.84353064164093 0.434774871606773
3.3757044861634 3.7947365150009 1.85587052905594 0.439392955943158
3.39320920247091 3.77771428753442 1.8682363720166 0.444049340448976
3.41074323581891 3.76062751122976 1.88062795758845 0.448744531181792
3.4283078814572 3.74347588637917 1.89304506833077 0.453479045290056
3.44590445215252 3.72625910649458 1.90548748216037 0.458253411345051
3.46353427894957 3.70897685810347 1.9179549722107 0.463068169685835
3.4811987119578 3.69162882053617 1.93044730668604 0.467923872777793
3.49889912116541 3.67421466570389 1.94296424871063 0.472821085585473
3.51663689728199 3.6567340578672 1.95550555617241 0.477760385960396
3.53441345261149 3.63918665339431 1.96807098156111 0.482742365044588
3.55223022195691 3.62157210050881 1.98066027180057 0.487767627690614
3.57008866355877 3.60389003902619 1.99327316807486 0.492836792898948
3.58799026006891 3.58614010007851 2.00590940564793 0.497950494273565
3.60593651956186 3.56832190582681 2.01856871367652 0.503109380496677
3.62392897658553 3.55043506916035 2.03125081501602 0.508314115823624
3.64196919325377 3.53247919338217 2.04395542601887 0.513565380598962
3.66005876038287 3.51445387188005 2.05668225632508 0.518863871794873
3.67819929867458 3.49635868778222 2.06943100864469 0.52421030357309
3.69639245994833 3.47819321359693 2.08220137853147 0.529605407871599
3.71463992842534 3.45995701083488 2.09499305414764 0.535049935017476
3.73294342206781 3.44164962961366 2.10780571601904 0.54054465436729
3.75130469397611 3.42327060824315 2.12063903678025 0.546090354976601
3.7697255338476 3.40481947279065 2.13349268090914 0.551687846300205
3.78820776950056 3.3862957366248 2.14636630445036 0.557337958924839
3.80675326846719 3.36769889993677 2.15925955472699 0.56304154533624
3.82536393965974 3.34902844923756 2.17217207003991 0.568799480722528
3.84404173511426 3.33028385682988 2.18510347935408 0.574612663816045
3.8627886518166 3.31146458025306 2.198053401971 0.580482017775937
3.88160673361588 3.29257006169942 2.21102144718668 0.586408491113899
3.90049807323072 3.27359972740013 2.22400721393415 0.592393058665716
3.91946481435411 3.25455298697886 2.23701029040974 0.598436722611398
3.9385091538632 3.23542923277106 2.25003025368204 0.604540513546901
3.95763334414065 3.21622783910659 2.26306666928271 0.610705491610699
3.97683969551489 3.19694816155349 2.27611909077786 0.616932747668647
3.99613057882694 3.17758953612016 2.28918705931894 0.6232234045609
4.01550842813219 3.15815127841324 2.30227010317186 0.629578618414895
4.03497574354629 3.13863268274829 2.31536773722296 0.635999580028754
4.05453509424466 3.11903302120986 2.32847946246038 0.642487516329765
4.07418912162642 3.09935154265762 2.34160476542936 0.649043691913019
4.09394054265386 3.07958747167474 2.35474311765961 0.655669410665648
4.11379215337996 3.05974000745432 2.3678939750631 0.662366017482577
4.13374683267715 3.03980832261962 2.38105677730019 0.669134900080188
4.15380754618183 3.01979156197313 2.39423094711204 0.675977490914832
4.17397735047041 2.99968884116927 2.40741588961703 0.682895269213702
4.19425939748374 2.97949924530511 2.42061099156864 0.689889763126252
4.21465693921868 2.95922182742286 2.4338156205721 0.696962552005034
4.23517333270688 2.93885560691735 2.44702912425702 0.704115268825627
4.25581204530283 2.91839956784116 2.46025082940265 0.711349602756196
4.27657666030517 2.89785265709943 2.4734800410124 0.718667301888178
4.29747088293764 2.87721378252538 2.48671604133397 0.72607017614065
4.31849854671826 2.85648181082709 2.4999580888208 0.733560100352115
4.3396636202483 2.83565556539476 2.5132054170305 0.741139017574741
4.36091488488778 2.81478809621507 2.52642293107982 0.748788972705109
4.38212877722991 2.79400286702999 2.53953176546502 0.756465367504991
4.40323175724013 2.77337339609438 2.55248568956639 0.764140914339235
4.42418243709708 2.75294114847177 2.56525928383807 0.77179956769016
4.44495965774672 2.73272745612337 2.57784010369741 0.779432440179227
4.46555474245914 2.71274125028989 2.59022362338702 0.787035126323086
4.48596655324677 2.69298398809971 2.60241003256224 0.794605979338053
4.50619837773475 2.67345274967716 2.61440223475669 0.802145015566153
4.52625599105907 2.65414216274268 2.62620461217075 0.809653225086573
4.54614646331579 2.63504558453054 2.63782227330255 0.817132142166904
4.56587743598127 2.61615581738211 2.64926060207048 0.824583580547409
4.5854566911748 2.59746553370537 2.6605249937101 0.832009472584528
4.60489190246633 2.57896752112636 2.67162070544831 0.839411773425333
4.62419049730567 2.56065481733071 2.68255277704177 0.846792405627521
4.64335958735853 2.54252077795908 2.69332599331123 0.854153228729688
4.66240593955163 2.52455910448042 2.70394487147201 0.861496024047568
4.6813359709959 2.50676384866732 2.71441366271165 0.868822488621032
4.7001557574421 2.4891294038681 2.72473636159533 0.87613423453657
4.71887104896597 2.47165048926984 2.73491671943504 0.883432791295115
4.73748728909077 2.45432213086806 2.7449582593318 0.890719609800141
4.75600963510771 2.43713964132944 2.75486429156477 0.897996067105786
4.77444297830853 2.42009859999758 2.76463792858697 0.905263471415442
4.79279196342593 2.40319483372138 2.77428209924079 0.912523067037824
4.8110610069283 2.38642439884417 2.78379956201579 0.919776039140039
4.82925431402233 2.36978356448945 2.79319291729318 0.92702351821737
4.84737589433771 2.3532687971629 2.8024646185899 0.9342665842472
4.86542957633426 2.3368767466265 2.81161698285135 0.941506270522143
4.8834190205063 2.32060423296796 2.82065219985922 0.948743567172815
4.90134773147444 2.30444823477431 2.82957234082706 0.955979424398631
4.91921906905904 2.28840587831533 2.83837936625615 0.963214755428524
4.93703625842753 2.27247442764473 2.84707513312086 0.970450439234405
4.95480239940263 2.25665127553261 2.85566140144768 0.977687323019708
4.97252047501183 2.24093393514946 2.8641398403465 0.984926224504043
4.99019335935115 2.22532003242937 2.87251203354721 0.992167934023425
5.00782382482922 2.20980729904715 2.88077948448906 0.999413216463785
5.02541454885103 2.1943935659507 2.88894362100553 1.00666281304377
5.04296811999453 2.17907675739619 2.89700579964257 1.01391744296124
5.06048704372758 2.16385488543903 2.90496730964459 1.02117780491638
5.077973747708 2.14872604483882 2.91282937663815 1.02844457852303
5.09543058670469 2.1336884083405 2.92059316604096 1.03571842561854
5.1128598471741 2.11874022229828 2.92825978622022 1.0429999914815
5.1302637515227 2.103879802612 2.93583029142232 1.05028990596568
5.14764446208288 2.08910553094902 2.94330568449335 1.05758878455763
5.16500408482733 2.0744158512272 2.95068691940812 1.06489722936467
5.18231344154018 2.05983551314566 2.95796185432029 1.07220263253405
5.19954072363335 2.04539099575012 2.96511785088398 1.0794911533659
5.21666779168732 2.03109688186585 2.97214848758157 1.08675463055258
5.23368506689681 2.01696035653986 2.97905116245843 1.0939884810017
5.25058827522186 2.0029840596892 2.98582558460908 1.10119035570171
5.2673763901049 1.98916787922512 2.99247283367759 1.10835928709728
5.28405034070386 1.9755100707257 2.9989947777941 1.1154951514802
5.30061220509784 1.96200795252312 3.00539371584173 1.12259833163514
5.31706470908436 1.94865833456437 3.01167215932959 1.12966950610604
5.33341091680072 1.93545778100219 3.01783270077218 1.13670951822563
5.34965404138924 1.92240276928317 3.02387793546943 1.1437192952474
5.36579733057324 1.90948978501058 3.0298104161201 1.15069979886931
5.3818439988335 1.89671537709933 3.03563262752544 1.15765199537522
5.39779718846103 1.88407618849672 3.04134697350559 1.16457683799769
5.4136599484077 1.87156897196641 3.04695577116991 1.17147525686368
5.42943522402242 1.85919059682959 3.05246124955233 1.17834815361808
5.44512585336882 1.84693805031161 3.05786555077926 1.18519639890913
5.46073456745198 1.83480843574542 3.06317073265181 1.19202083160277
5.47626399270048 1.82279896901419 3.06837877196447 1.19882225902133
5.49171665468673 1.81090697407646 3.07349156815358 1.20560145776996
5.5070949824642 1.79912987808314 3.07851094703504 1.21235917488182
5.52240131314686 1.78746520638922 3.08343866449282 1.21909612911796
5.53763789650899 1.77591057763598 3.08827641004128 1.22581301232273
5.55280689947743 1.76446369900152 3.0930258102222 1.23251049077628
5.56791041044674 1.75312236167028 3.09768843181919 1.23918920651053
5.58295044338257 1.74188443654359 3.10226578488573 1.24584977857067
5.59792894169988 1.73074787019646 3.10675932559019 1.25249280421335
5.61284778191513 1.71971068107638 3.11117045888527 1.25911886003835
5.62770877707854 1.70877095593427 3.11550054101165 1.26572850305408
5.64251367999634 1.69792684647535 3.11975088184581 1.27232227167884
5.65726418625495 1.68717656621644 3.1239227471027 1.27890068668085
5.67196193705933 1.67651838753616 3.12801736040318 1.28546425206066
5.68660852189812 1.66595063890468 3.13203590521584 1.29201345587947
5.70120548104725 1.6554717022806 3.13597952668229 1.29854877103711
5.71575430792362 1.64508001066304 3.13984933333399 1.30507065600297
5.73025645129925 1.63477404578798 3.14364639870869 1.31157955550334
5.74471331738586 1.62455233595857 3.14737176287324 1.31807590116818
5.759126271799 1.61441345400028 3.15102643385957 1.32456011214015
5.77349664141004 1.6043560153318 3.15461138901971 1.33103259564848
5.78782571609394 1.59437867614417 3.15812757630549 1.33749374755034
5.80211475037989 1.58448013168037 3.16157591547793 1.3439439528417
5.81636496501132 1.57465911460893 3.16495729925112 1.35038358613994
5.83057754842149 1.56491439348512 3.16827259437487 1.35681301214001
5.84475365813025 1.55524477129398 3.17152264266004 1.36323258604598
5.85889442206701 1.54564908406997 3.17470826195044 1.36964265397959
5.87300093982486 1.53612619958824 3.17783024704454 1.37604355336721
5.88707428385015 1.52667501612306 3.18088937057016 1.38243561330678
5.90111550057164 1.51729446126902 3.18388638381516 1.38881915491582
5.91512561147306 1.50798349082143 3.18682201751672 1.39519449166185
5.9291056141125 1.498741087712 3.1896969826118 1.4015619296762
5.94305648309188 1.48956626099658 3.19251197095107 1.40792176805234
5.95697917097963 1.48045804489193 3.19526765597851 1.41427429912956
5.97087460918931 1.4714154978584 3.19796469337857 1.42061980876303
5.98474370881672 1.46243770172613 3.200603721693 1.42695857658087
5.99858736143804 1.45352376086199 3.20318536290885 1.43329087622916
6.01240643987125 1.44467280137508 3.20571022301943 1.43961697560549
6.02620179890283 1.43588397035855 3.20817889255967 1.44593713708178
6.03997427598182 1.42715643516578 3.21059194711731 1.45225161771691
6.05372469188311 1.41848938271894 3.21294994782125 1.45856066945981
6.06745385134149 1.40988201884812 3.21525344180836 1.46486453934352
6.08116254365829 1.40133356765957 3.2175029626698 1.47116346967063
6.09485154328195 1.39284327093127 3.21969903087794 1.47745769819079
6.10852161036406 1.38441038753445 3.22184215419508 1.48374745827047
6.12217349129201 1.37603419287978 3.22393282806466 1.49003297905556
6.13580791919975 1.36771397838686 3.22597153598601 1.49631448562713
6.1494256144575 1.35944905097576 3.22795874987355 1.50259219915069
6.16302728514181 1.35123873257964 3.22989493040097 1.50886633701939
6.17661362748678 1.34308235967726 3.23178052733145 1.51513711299129
6.1901853263175 1.33497928284445 3.23361597983434 1.52140473732122
6.20374305546656 1.32692886632348 3.23540171678917 1.52766941688735
6.2172874781746 1.31893048760969 3.23713815707747 1.53393135531284
6.23081924747552 1.31098353705427 3.23882570986304 1.54019075308269
6.24433900656725 1.30308741748259 3.24046477486125 1.54644780765616
6.2578473891688 1.29524154382728 3.24205574259777 1.55270271357495
6.27134501986414 1.28744534277537 3.24359899465737 1.55895566256726
6.28483251443365 1.27969825242877 3.24509490392319 1.56520684364804
6.29831048017375 1.27199972197761 3.24654383480683 1.57145644321555
6.31177951620517 1.26434921138572 3.24794614346986 1.57770464514441
6.32524021377056 1.25674619108771 3.24930217803694 1.58395163087535
6.33869315652175 1.24919014169719 3.25061227880105 1.59019757950176
6.35213892079737 1.24168055372559 3.25187677842117 1.59644266785324
6.36557807589105 1.23421692731112 3.25309600211267 1.60268707057621
6.37901118431085 1.22679877195733 3.25427026783079 1.60893096021187
6.39243880203014 1.21942560628109 3.2553998864475 1.61517450727141
6.40586147873046 1.21209695776925 3.25648516192194 1.62141788030881
6.41927975803665 1.20481236254391 3.25752639146489 1.6276612459912
6.43269417774467 1.19757136513573 3.2585238656973 1.63390476916697
6.44610527004231 1.19037351826506 3.25947786880331 1.64014861293162
6.45951356172331 1.18321838263046 3.26038867867787 1.64639293869166
6.47291957439494 1.1761055267044 3.26125656706922 1.65263790622638
6.48632382467962 1.16903452653578 3.26208179971646 1.65888367374775
6.49972682441053 1.16200496555903 3.26286463648237 1.6651303979586
6.51312908082178 1.15501643440945 3.26360533148166 1.67137823410889
6.52653109673314 1.14806853074463 3.26430413320493 1.67762733605044
6.53993337072974 1.14116085907168 3.2649612846383 1.68387785629001
6.5533363973368 1.13429303057998 3.26557702337913 1.69012994604089
6.56674066718984 1.12746466297929 3.26615158174777 1.69638375527293
6.58014666720028 1.12067538034304 3.26668518689561 1.70263943276134
6.59355488071687 1.11392481295647 3.26717806090956 1.70889712613398
6.60696578768304 1.10721259716958 3.26763042091296 1.71515698191746
6.62037986479033 1.10053837525467 3.26804247916332 1.72141914558201
6.6337975856281 1.09390179526816 3.26841444314671 1.72768376158513
6.64721942082971 1.08730251091675 3.26874651566908 1.73395097341417
6.66064583821525 1.08074018142759 3.26903889494467 1.74022092362774
6.67407730293104 1.07421447142236 3.26929177468144 1.74649375389619
6.68751427758606 1.06772505079516 3.26950534416379 1.75276960504105
6.70095722238536 1.06127159459396 3.26967978833256 1.75904861707347
6.71440659526062 1.05485378290566 3.26981528786246 1.76533092923188
6.72786285199809 1.0484713007444 3.26991201923699 1.7716166800186
6.74132644636382 1.0421238379432 3.26997015482098 1.77790600723581
6.75479783022654 1.03581108904873 3.26998986293073 1.78419904802054
6.76827745367811 1.02953275321905 3.26997130790191 1.79049593887903
6.78176576515174 1.02328853412437 3.26991465015537 1.79679681572026
6.79526321153808 1.01707813985049 3.26982004626067 1.80310181388884
6.80877023829927 1.01090128280507 3.26968764899773 1.8094110681972
6.82228728958102 1.0047576796265 3.26951760741639 1.81572471295711
6.83581480832289 0.998647051095243 3.26931006689411 1.82204288201065
6.84935323636678 0.992569122047722 3.26906516919178 1.8283657087605
6.86290301456372 0.986523621292482 3.26878305250777 1.83469332619975
6.87646458287916 0.980510281528698 3.2684638515302 1.8410258669411
6.89003838049669 0.97452883926687 3.26810769748752 1.8473634632456
6.90362484592034 0.968579034751651 3.26771471819749 1.85370624705085
6.91722441707554 0.962660611886751 3.26728503811451 1.86005434999873
6.93083753140886 0.956773318161832 3.26681877837543 1.86640790346273
6.94446462598645 0.950916904581335 3.26631605684388 1.87276703857478
6.95810613759144 0.945091125595185 3.26577698815309 1.87913188625172
6.97176250282023 0.939295739031296 3.26520168374737 1.88550257722133
6.98543415817781 0.933530506029835 3.2645902519221 1.89187924204806
6.9991215401721 0.927795190979184 3.26394279786248 1.89826201115833
7.01282508540751 0.922089561453538 3.26325942368092 1.90465101486554
7.0265452306776 0.916413388152105 3.2625402284532 1.91104638339469
7.04028241305706 0.910766444839836 3.26178530825333 1.91744824690683
7.05403706999294 0.90514850828966 3.26099475618726 1.92385673552308
7.06780963939534 0.89955935822616 3.26016866242541 1.93027197934842
7.0816005597274 0.89399877727066 3.25930711423404 1.9366941084953
7.09541027009489 0.888466550887662 3.25841019600547 1.94312325310686
7.10923921033523 0.882962467332618 3.2574779892873 1.94955954338008
7.12308782110616 0.877486317600971 3.25651057281047 1.95600310958855
7.13695654397403 0.872037895378438 3.25550802251635 1.9624540821052
7.15084582150175 0.866616996992509 3.25447041158277 1.96891259142472
7.1647560973365 0.861223421365103 3.25339781044907 1.97537876818582
7.17868781629722 0.855856969966366 3.25229028684023 1.9818527431934
7.19264142446192 0.850517446769569 3.25114790578992 1.98833464744051
7.20661736925487 0.845204658207079 3.24997072966281 1.99482461213011
7.22061609953376 0.839918413127367 3.24875881817578 2.00132276869685
7.23463806567672 0.83465852275302 3.24751222841838 2.0078292488286
7.24868371966954 0.829424800639746 3.24623101487232 2.01434418448793
7.26275351519272 0.82421706263632 3.24491522943019 2.02086770793348
7.27684790770887 0.819035126845462 3.24356492141325 2.02739995174128
7.29096735455006 0.813878813585615 3.24218013758847 2.03394104882591
7.3051123150055 0.808747945353593 3.2407609221847 2.04049113246171
7.31928325040939 0.803642346788085 3.2393073169081 2.04705033630381
7.33348062422911 0.798561844633984 3.23781936095676 2.05361879440925
7.34770490215365 0.793506267707519 3.23629709103453 2.06019664125795
7.36195655218252 0.788475446862172 3.2347405413641 2.06678401177372
7.37623604471502 0.783469214955353 3.2331497436994 2.07338104134525
7.39054385263992 0.778487406815822 3.23152472733715 2.07998786584703
7.40488045142575 0.77352985921182 3.22986551912778 2.08660462166039
7.41924631921156 0.768596410819917 3.22817214348562 2.09323144569446
7.43364193689828 0.763686902194531 3.22644462239832 2.09986847540715
7.44806778824071 0.758801175738117 3.22468297543564 2.10651584882624
7.46252435994024 0.753939075672001 3.22288721975757 2.11317370457042
7.4770121417382 0.74910044800785 3.22105737012167 2.11984218187047
7.49153162651001 0.744285140519748 3.21919343888986 2.12652142059039
7.50608331036023 0.739493002716879 3.21729543603445 2.13321156124867
7.52066769271829 0.734723885816786 3.21536336914356 2.13991274503965
7.53528527643526 0.729977642719205 3.21339724342589 2.1466251138549
7.54993656788151 0.725254127980443 3.2113970617148 2.15334881030475
7.56462207704539 0.72055319778831 3.2093628244718 2.16008397773988
7.57934231763286 0.715874709937561 3.20729452978938 2.16683076027306
7.59409780716836 0.711218523805866 3.20519217339318 2.17358930280095
7.60888906709664 0.706584500330268 3.20305574864361 2.18035975102611
7.62371662288594 0.70197250198414 3.20088524653676 2.18714225147909
7.63858100413221 0.697382392754609 3.19868065570472 2.19393695154066
7.65348274466483 0.692814038120449 3.19644196241531 2.20074399946423
7.66842238265344 0.688267305030428 3.19416915057116 2.20756354439841
7.68340046071632 0.683742061882092 3.19186220170816 2.21439573640974
7.69841752603011 0.67923817850099 3.18952109499338 2.22124072650563
7.71347413044107 0.674755526120308 3.18714580722225 2.22809866665744
7.72857083057783 0.670293977360926 3.18473631281527 2.2349697098238
7.74370818796576 0.665853406211868 3.182292583814 2.24185400997412
7.75888676914301 0.661433688011151 3.17981458987651 2.24875172211234
7.77410714577823 0.657034699427009 3.17730229827215 2.25566300230084
7.78936989479007 0.652656318439502 3.17475567387582 2.26258800768468
7.80467559846849 0.648298424322477 3.17217467916152 2.269526896516
7.82002484459797 0.643960897625901 3.16955927419533 2.27647982817876
7.8354182265827 0.639643620158531 3.16690941662783 2.28344696321363
7.85085634357367 0.635346474970929 3.16422506168579 2.29042846334327
7.866339800598 0.631069346338817 3.16150616216336 2.29742449149782
7.88186920869025 0.626812119746743 3.15875266841255 2.3044352118407
7.89744518502606 0.622574681872083 3.15596452833317 2.31146078979474
7.91306835305799 0.618356920569342 3.15314168736206 2.31850139206859
7.92873934265377 0.614158724854766 3.15028408846177 2.32555718668346
7.94445879023689 0.609979984891249 3.14739167210854 2.33262834300021
7.96022733892982 0.605820591973536 3.14446437627967 2.33971503174679
7.97604563869961 0.601680438513704 3.1415021364403 2.346817425046
7.99191434650635 0.597559418026931 3.13850488552941 2.35393569644365
8.00783412645418 0.593457425117533 3.13547255394535 2.36107002093712
8.02380564994526 0.589374355465268 3.13240506953051 2.36822057500422
8.0398295958365 0.585310105811909 3.12930235755552 2.37538753663257
8.05590665059938 0.58126457394806 3.12616434070264 2.3825710853493
8.07203750848278 0.577237658700239 3.12299093904852 2.38977140225123
8.08822287167902 0.573229259918197 3.11978207004631 2.39698867003549
8.10446345049311 0.56923927846248 3.11653764850699 2.40422307303052
8.12075996351537 0.565267616192226 3.11325758658013 2.41147479722764
8.13711313779753 0.5613141759532 3.1099417937338 2.418744030313
8.15352370903233 0.557378861566047 3.10659017673385 2.4260309617001
8.16999242173684 0.553461577814771 3.10320263962247 2.43333578256276
8.18652002943949 0.549562230435436 3.09977908369594 2.44065868586862
8.20310729487103 0.54568072610507 3.09631940748172 2.4479998664132
8.21975499015944 0.541816972430792 3.09282350671474 2.45535952085447
8.23646389702896 0.537970877939136 3.08929127431288 2.46273784774799
8.25323480700338 0.534142352065574 3.08572260035178 2.47013504758264
8.27006852161364 0.530331305144247 3.08211737203878 2.47755132281697
8.28696585260997 0.526537648397883 3.07847547368605 2.48498687791606
8.30392762217858 0.522761293927903 3.07479678668295 2.49244191938915
8.32095466316313 0.519002154704725 3.07108118946753 2.49991665582774
8.33804781929115 0.515260144558236 3.06732855749722 2.50741129794454
8.35520794540543 0.511535178168461 3.06353876321861 2.51492605861293
8.37243590770059 0.507827171056397 3.05971167603641 2.52246115290719
8.38973258396505 0.504136039575027 3.05584716228149 2.53001679814348
8.4070988638285 0.500461700900499 3.05194508517806 2.53759321392144
8.42453564901495 0.496804073023485 3.04800530480986 2.54519062216666
8.44204385360175 0.49316307474069 3.04402767808545 2.55280924717385
8.4596244042845 0.489538625646535 3.04001205870263 2.56044931565083
8.47727824064824 0.485930646124995 3.0359582971117 2.5681110567633
8.49500631544498 0.482339057341594 3.03186624047792 2.57579470218048
8.51280959487777 0.478763781235557 3.02773573264285 2.58350048612159
8.53068905889165 0.47520474051211 3.02356661408468 2.59122864540321
8.54864570147147 0.471661858634937 3.01935872187754 2.59897941948752
8.56668053094695 0.468135059818773 3.01511188964969 2.60675305053153
8.58479457030514 0.464624269022155 3.01082594754067 2.61454978343717
8.60298885751052 0.461129411940306 3.00650072215729 2.62236986590241
8.62126444583302 0.457650414998165 3.00213603652847 2.63021354847336
8.63962240418408 0.454187205343556 2.99773171005901 2.63808108459743
8.65806381746112 0.450739710840489 2.993287558482 2.64597273067751
8.67658978690067 0.447307860062603 2.9888033938102 2.6538887461272
8.69520143044035 0.443891582286735 2.98427902428602 2.66182939342725
8.71389988309007 0.440490807486627 2.97971425433035 2.66979493818302
8.73268629731268 0.437105466326756 2.97510888449002 2.67778564918323
8.7515618434144 0.433735490156298 2.97046271138391 2.68580179845979
8.7705277099453 0.430380811003212 2.96577552764783 2.69384366134896
8.78958510411026 0.427041361568457 2.9610471218778 2.70191151655374
8.80873525219055 0.423717075220321 2.95627727857213 2.71000564620754
8.8279793999766 0.420407885988883 2.95146577807189 2.71812633593922
8.84731881321212 0.41711372856059 2.94661239649993 2.72627387493947
8.86675477805008 0.41383453827295 2.9417169056984 2.73444855602865
8.88628860152088 0.410570251109351 2.93677907316466 2.74265067572598
8.90592161201306 0.407320803693988 2.93179866198566 2.75088053432035
8.92565515976708 0.404086133286912 2.92677543077056 2.75913843594252
8.94549061738249 0.400866177779189 2.92170913358183 2.76742468863898
8.96542938033898 0.397660875688177 2.91659951986445 2.77573960444738
8.98547286753182 0.394470166152906 2.91144633437347 2.78408349947362
9.005622521822 0.391293988929583 2.90624931709975 2.79245669397066
9.02587981060186 0.388132284387194 2.90100820319375 2.80085951241906
9.04624622637636 0.384984993503227 2.8957227228875 2.80929228360927
9.06672328736093 0.38185205785949 2.89039260141462 2.81775534072589
9.08731253809601 0.378733419638056 2.88501755892828 2.82624902143366
9.10801555007933 0.375629021617296 2.87959731041715 2.83477366796556
9.12883392241615 0.372538807168032 2.87413156561919 2.84332962721278
9.14976928248829 0.369462720249787 2.86862002893336 2.85191725081685
9.17082328664253 0.366400705407154 2.86306239932902 2.86053689526383
9.19199762089911 0.36335270776625 2.85745837025307 2.86918892198068
9.21329400168095 0.360318673031294 2.85180762953479 2.87787369743392
9.2347141765644 0.357298547481279 2.84610985928822 2.8865915932305
9.25625992505229 0.354292277966749 2.84036473581209 2.89534298622115
9.27793305936992 0.351299811906683 2.83457192948722 2.90412825860609
9.29973542528511 0.34832109728548 2.82873110467127 2.91294779804324
9.32166890295283 0.345356082650047 2.82284191959087 2.92180199775908
9.34373540778556 0.342404717106993 2.81690402623092 2.93069125666209
9.36593689135022 0.339466950319923 2.81091707022113 2.93961597945894
9.38827534229261 0.336542732506839 2.80488069071961 2.94857657677355
9.41075278729046 0.333632014437638 2.79879452029344 2.95757346526892
9.43337129203603 0.330734747431724 2.79265818479622 2.96660706777206
9.45613296224952 0.327850883355712 2.78647130324238 2.9756778134019
9.47903994472426 0.324980374621243 2.78023348767834 2.98478613770042
9.50209442840505 0.322123174182902 2.77394434305017 2.99393248276693
9.52529864550073 0.319279235536242 2.76760346706792 3.00311729739583
9.54865487263245 0.316448512715907 2.76121045006638 3.01234103721771
9.5721654320189 0.313630960293869 2.75476487486212 3.02160416484401
9.59583269269997 0.310826533377763 2.74826631660684 3.0309071500154
9.61965907180024 0.308035187609339 2.74171434263682 3.04025046975384
9.64364703583402 0.30525687916301 2.73510851231841 3.04963460851858
9.66779910205341 0.302491564744516 2.72844837688934 3.05906005836614
9.6921178398411 0.299739201589696 2.72173347929591 3.06852731911439
9.71660587214982 0.296999747463368 2.71496335402573 3.0780368985109
9.74126587699006 0.294273160658323 2.70813752693602 3.08758931240565
9.76610058896822 0.29155939999443 2.70125551507732 3.09718508492825
9.79111280087713 0.288858424817852 2.69431682651231 3.10682474866984
9.816305365341 0.286170195000382 2.68732096012988 3.11650884486974
9.84168119651718 0.283494670938893 2.68026740545405 3.12623792360706
9.86724327185688 0.280831813554904 2.67315564244766 3.13601254399744
9.89299463392748 0.278181584294266 2.66598514131073 3.14583327439501
9.91893839229884 0.275543945126973 2.65875536227325 3.15570069259978
9.9450777254963 0.272918858547088 2.65146575538225 3.16561538607066
9.97141588302334 0.270306287572801 2.64411576028298 3.17557795214422
9.99795618745663 0.26770619574661 2.63670480599399 3.1855889982594
10.0247020366167 0.265118547135629 2.62923231067593 3.19564914218844
10.0516569058175 0.262543306332033 2.6216976813939 3.20575901227406
10.0788243501981 0.259980438453631 2.61410031387309 3.21591924767327
10.10620800714 0.257429909144575 2.60643959224752 3.2261304986079
10.1338115987749 0.254891684576212 2.59871488880166 3.23639342662213
10.1616389345847 0.252365731448069 2.59092556370471 3.24670870484721
10.1896939141001 0.249852016988995 2.5830709647373 3.2570770182737
10.217980529701 0.247350508958435 2.5751504270103 3.26749906403126
10.2465028695233 0.244861175647866 2.56716327267559 3.27797555167654
10.2752651204774 0.242383985882383 2.55910881062847 3.28850720348915
10.3042715713833 0.239918909022438 2.55098633620139 3.29909475477617
10.3335266162274 0.237465914965752 2.5427951308488 3.30973895418544
10.3630347575464 0.235024974149377 2.53453446182281 3.32044056402781
10.3928006099458 0.232596057551941 2.52620358183922 3.33120036060884
10.4228289037568 0.230179136696057 2.51780172873387 3.34201913457007
10.4531244888404 0.227774183650915 2.50932812510867 3.35289769124042
10.4836923385444 0.225381171035058 2.50078197796723 3.36383685099771
10.5145375538209 0.223000072019343 2.49216247833959 3.37483744964107
10.5456653675123 0.220630860330098 2.48346880089566 3.38590033877423
10.5770811488138 0.218273510252475 2.47470010354719 3.39702638620033
10.6087904079208 0.215927996634014 2.46585552703757 3.40821647632841
10.6407988008713 0.213594294888412 2.45693419451935 3.41947151059224
10.6731121345911 0.211272380999512 2.44793521111885 3.43079240788164
10.7057363721538 0.208962231525522 2.43885766348753 3.44218010498695
10.7386776382659 0.206663823603453 2.42970061933959 3.45363555705695
10.771942224988 0.204377134953811 2.42046312697545 3.46515973807074
10.805536597704 0.202102143885525 2.4111442147904 3.47675364132407
10.8394674013523 0.199838829301139 2.40174289076823 3.48841827993063
10.8737414669313 0.19758717070226 2.39225814195899 3.50015468733875
10.9083658182945 0.195347148195288 2.38268893394054 3.51196391786417
10.9433476792499 0.193118742497424 2.37303421026335 3.52384704723923
10.9786944809797 0.190901934942974 2.36329289187773 3.53580517317929
11.0144138697991 0.188696707489954 2.35346387654323 3.54783941596681
11.0505137152698 0.186503042727017 2.34354603821929 3.5599509190537
11.0870021186902 0.1843209238807 2.3335382264366 3.57214084968269
11.1238874219815 0.18215033482302 2.32343926564867 3.5844103995283
11.1611782169917 0.179991260079413 2.31324795456257 3.59676078535801
11.1988833552419 0.177843684837052 2.30296306544846 3.60919324971448
11.2370119581382 0.175707594953536 2.29258334342699 3.62170906161947
11.2755734276771 0.173582976965989 2.28210750573389 3.63430951730012
11.3145774576723 0.171469818100558 2.27153424096091 3.64699594093853
11.3540340455323 0.169368106282361 2.26086220827236 3.65976968544527
11.3939535046218 0.167277830145868 2.25009003659639 3.67263213325774
11.4343464772413 0.165198979045761 2.23921632379014 3.68558469716409
11.4752239482602 0.163131543068283 2.22823963577795 3.69862882115377
11.5165972594446 0.161075513043096 2.2171585056616 3.7117659812953
11.55847812452 0.159030880555674 2.20597143280183 3.72499768664249
11.6008786450147 0.156997637960255 2.19467688187003 3.73832548016971
11.6438113269316 0.15497577839338 2.1832732818692 3.75175093973742
11.6872890982993 0.15296529578804 2.17175902512319 3.76527567908877
11.731325327659 0.150966184888464 2.16013246623325 3.77890134887829
11.7759338435443 0.148978441265581 2.14839192100074 3.79262963773367
11.8211289550195 0.147002061333185 2.13653566531512 3.8064622733517
11.8669254733431 0.145037042364835 2.12456193400596 3.82040102362921
11.9133387348295 0.143083382511536 2.11246891965818 3.83444769783029
11.9603846249895 0.14114108082023 2.10025477138917 3.8486041477906
12.0080796040319 0.139210137253141 2.08791759358691 3.86287226915995
12.0564407338193 0.13729055270803 2.07545544460797 3.877254002684
12.1054857063755 0.135382329039381 2.06286633543426 3.89175133552635
12.1552328740512 0.133485469080601 2.05014822828768 3.90636630263172
12.2057012814611 0.131599976667261 2.03729903520141 3.92110098813133
12.256910699318 0.129725856661445 2.02431661654712 3.93595752679143
12.3088816602956 0.127863114977277 2.01119877951701 3.95093810550571
12.3616354970655 0.12601175860767 1.9979432765599 3.96604496483243
12.4151943826649 0.124171795652389 1.98454780377053 3.98128040057708
12.469581373363 0.12234323534749 1.97100999923147 3.99664676542104
12.5248204542122 0.120526088096218 1.95732744130703 4.01214647059675
12.5809365874812 0.118720365501447 1.94349764688869 4.02778198760986
12.6379557641879 0.116926080399763 1.92951806959192 4.04355585000832
12.6959050589665 0.115143246897281 1.91538609790422 4.05947065519849
12.754812688526 0.113371880407296 1.90109905328466 4.07552906630804
12.8147080739778 0.111611997689904 1.88665418821527 4.09173381409482
12.8756219073372 0.109863616893688 1.87204868420523 4.10808769890108
12.9375862225298 0.108126757599627 1.85727964974883 4.12459359265154
13.000634471266 0.106401440867352 1.84234411823907 4.14125444089357
13.0648016041779 0.104687689283911 1.8272390458388 4.15807326487729
13.1301241576533 0.102985527015211 1.81196130931228 4.17505316367251
13.1966403468411 0.101294979860312 1.79650770382063 4.19219731631906
13.2643901653477 0.0996160753087715 1.78087494068527 4.20950898400596
13.3334154921971 0.0979488426012462 1.76505964512475 4.22699151227401
13.4032508532019 0.0963051430123436 1.74917379355803 4.24452106342963
13.4734621694474 0.0946949516432994 1.733319248943 4.2619857994137
13.5437811490915 0.0931235492085639 1.71755793548938 4.27931851530206
13.6140465771192 0.0915933198363213 1.70192620889224 4.29648047127144
13.684165167504 0.0901049074281868 1.68644435993643 4.31345073263538
13.7540861454571 0.088657939640424 1.671122734813 4.33021932554658
13.8237850168638 0.0872514728707961 1.65596561094022 4.34678291618899
13.8932533185093 0.0858842618064221 1.64097362356045 4.36314211463313
13.962492197529 0.0845549204268194 1.62614527191561 4.37929980765758
14.0315084169059 0.0832620165895308 1.61147784697541 4.39526013643506
14.1003118872955 0.0820041263226395 1.5969679982247 4.41102787545266
14.1689141542819 0.0807798638658698 1.58261207642979 4.42660805970435
14.2373274812301 0.0795878972443344 1.56840633800146 4.44200576475421
14.3055643019484 0.0784269553112158 1.55434706424854 4.45722598044024
14.3736369019455 0.0772958298438762 1.54043062858202 4.47227354157411
14.4415572401964 0.0761933748464426 1.52665353211847 4.48715309303509
14.509336856606 0.0751185043434948 1.51301242029395 4.50186907536255
14.57698683116 0.0740701894242244 1.49950408824013 4.51642572233565
14.6445177737294 0.0730474549797907 1.48612547966695 4.53082706535326
14.7119398315782 0.0720493763865224 1.47287368213893 4.54507694147455
14.7792627066484 0.0710750762741564 1.45974592048723 4.55917900323861
14.8464956778173 0.0701237214511476 1.44673954939631 4.57313672915255
14.9136476252486 0.0691945200198125 1.4338520457729 4.58695343420729
14.9807270551495 0.0682867186915366 1.42108100124293 4.60063228006553
15.0477421239747 0.0673996002997333 1.40842411496278 4.61417628473748
15.1147006615608 0.0665324815016213 1.39587918683663 4.62758833166175
15.1816101929426 0.0656847106567274 1.38344411117528 4.64087117816799
15.2484779587616 0.0648556658688567 1.37111687079987 4.65402746333127
15.3153109342652 0.0640447531782233 1.35889553157595 4.66705971524583
15.3821158469498 0.0632514048909757 1.34677823735419 4.67997035775484
15.4488991929234 0.0624750780341881 1.33476320529007 4.69276171667574
15.5156672520756 0.0617152529253343 1.32284872151369 4.70543602556098
15.5824261021472 0.0609714318462277 1.31103313712147 4.7179954310323
15.6491816317864 0.0602431378123378 1.29931486446298 4.73044199772468
15.715939552677 0.0595299134292629 1.28769237369792 4.74277771287282
15.7827054108166 0.0588313198289289 1.27616418960032 4.75500449057075
15.8494845970159 0.0581469356788096 1.26472888858912 4.76712417573207
15.9162823566865 0.0574763562581068 1.25338509596591 4.77913854777598
15.983103798976 0.0568191925954136 1.24213148334269 4.79104932406189
16.0499539053055 0.0561750706629048 1.23096676624392 4.80285816309317
16.1168375373588 0.055543630622563 1.2198897018687 4.81456666750874
16.1837594445681 0.0549245261203672 1.20889908700015 4.82617638687948
16.2507242711375 0.0543174236247432 1.19799375605042 4.83768882032483
16.3177365626406 0.0537220018059118 1.1871725792306 4.84910541896348
16.3848007722264 0.0531379509530666 1.17643446083598 4.86042758821095
16.4519212664639 0.0525649724265891 1.16577833763786 4.87165668993555
16.5191023308539 0.0520027781427447 1.15520317737397 4.88279404448329
16.5863481750327 0.0514510900885277 1.14470797733005 4.89384093258142
16.6536629376917 0.0509096398645156 1.1342917630062 4.90479859712928
16.7210506912339 0.050378168253775 1.12395358686159 4.91566824488463
16.7885154461873 0.0498564248150195 1.1136925271322 4.92645104805278
16.8560611553919 0.0493441674983676 1.10350768671638 4.93714814578526
16.9236917179789 0.0488411622821802 1.09339819212351 4.94776064559431
16.9914109831552 0.0483471828295776 1.08336319248153 4.9582896246889
17.0592227538085 0.0478620101633457 1.07340185859923 4.96873613123743
17.1271307899447 0.0473854323580393 1.06351338207983 4.97910118556213
17.1951388119714 0.0469172442481828 1.05369697448235 4.98938578126946
17.2632505038358 0.0464572471515491 1.04395186652766 4.99959088632079
17.3314695160303 0.0460052486065766 1.03427730734642 5.00971744404701
17.3997994684719 0.0455610621230489 1.02467256376618 5.01976637411077
17.4682439532677 0.0451245069452296 1.01513691963523 5.02973857341954
17.5368065373708 0.0446954078266988 1.00566967518088 5.03963491699242
17.605490765138 0.0442735948161944 0.996270146400093 5.04945625878371
17.6743001607934 0.0438589030538081 0.986937664480454 5.05920343246574
17.7432382308062 0.043451172576932 0.977671575249765 5.0688772521733
17.8123084661873 0.0430502481353927 0.968471238652445 5.07847851321216
17.881514344713 0.0426559790152485 0.959336028251241 5.08800799273351
17.950859333078 0.0422682188707598 0.950265330752753 5.09746645037649
18.0203468889851 0.0418868255640761 0.941258545555418 5.10685462888051
18.0899804631756 0.0415116610122118 0.932315084318665 5.11617325466912
18.1597635014045 0.0411425910409129 0.923434370552061 5.12542303840703
18.2296994463649 0.040779485245039 0.914615839223334 5.13460467553163
18.2997917395664 0.0404222168551135 0.905858936384233 5.14371884676065
18.3700438231694 0.0400706626097112 0.897163118813247 5.15276621857704
18.4404591417812 0.0397247026333783 0.888527853674289 5.16174744369233
18.5110411442146 0.039384220319796 0.879952618190477 5.17066316148973
18.5817932852151 0.0390491022199157 0.871436899332218 5.17951399844787
18.6527190271566 0.0387192379348136 0.862980193518853 5.18830056854633
18.7238218417114 0.038394520013024 0.854582006333149 5.19702347365383
18.7951052114952 0.0380748438521276 0.84624185224799 5.20568330389988
18.8665726316909 0.0377601076043821 0.837959254364633 5.21428063803099
18.9382276116528 0.037450212086197 0.829733744161959 5.22281604375184
19.0100736764943 0.0371450606912648 0.821564861256165 5.23129007805257
19.0821143686615 0.0368445593071701 0.813452153170378 5.23970328752245
19.1543532494946 0.0365486162353124 0.805395175113709 5.24805620865098
19.2267939007786 0.0362571421139822 0.797393489769291 5.25634936811673
19.2994399262872 0.0359700498444436 0.789446667090864 5.26458328306469
19.3722949533202 0.0356872545198825 0.781554284107501 5.27275846137262
19.4453626342373 0.0354086733570872 0.773715924736099 5.28087540190681
19.5186466479899 0.0351342256307354 0.765931179601256 5.28893459476801
19.5921507016527 0.0348638326101709 0.758199645862205 5.29693652152763
19.6658785319574 0.034597417498554 0.750520927046486 5.30488165545496
19.7398339068298 0.0343349053742827 0.742894632890023 5.3127704617357
19.8140206269326 0.0340762231345813 0.735320379183353 5.32060339768207
19.8884425272148 0.033821299441162 0.727797787623704 5.32838091293514
19.9631034784707 0.0335700646678677 0.720326485672675 5.33610344965946
20.0380073889089 0.0333224508502116 0.712906106419277 5.34377144273051
20.113158205734 0.0330783916367297 0.705536288448089 5.35138531991518
20.1885599167424 0.0328378222420708 0.69821667571232 5.35894550204561
20.2642165519333 0.0326006794017492 0.690946917411564 5.36645240318669
20.3401321851383 0.0323669013284891 0.683726667874049 5.37390643079746
20.4163109356687 0.0321364276700972 0.676555586443192 5.38130798588671
20.4927569699846 0.0319091994687961 0.669433337368284 5.38865746316292
20.5694745033868 0.0316851591219623 0.662359589699132 5.39595525117891
20.6464678017321 0.0314642503442078 0.655334017184499 5.4032017324713
20.7237411831756 0.0312464181307542 0.648356298174189 5.41039728369506
20.8012990199407 0.0310316087220439 0.641426115524634 5.41754227575332
20.8791457401182 0.0308197695695417 0.634543156507837 5.42463707392262
20.9572858294979 0.0306108493026778 0.627707112723546 5.43168203797378
21.0357238334331 0.0304047976968879 0.620917680014543 5.43867752228857
21.1144643587401 0.0302015656427076 0.614174558384902 5.44562387597239
21.193512075636 0.0300011051158788 0.607477451921136 5.45252144296299
21.2728717197146 0.0298033691484315 0.6008260687161 5.45937056213547
21.3525480939646 0.0296083118007008 0.59422012079556 5.46617156740374
21.4325460708308 0.0294158881342454 0.587659324047329 5.47292478781843
21.5128705943208 0.0292260541856331 0.581143398152876 5.47963054766149
21.5935266821595 0.0290387669410595 0.574672066521317 5.48628916653763
21.6745194279942 0.0288539843117712 0.568245056225708 5.49290095946252
21.7558540036516 0.0286716651102612 0.561862097941554 5.49946623694819
21.8375356614496 0.0284917690272092 0.555522925887474 5.50598530508532
21.9195697365672 0.0283142566091403 0.54922727776792 5.51245846562294
22.0019616494733 0.0281390892367741 0.542974894717909 5.51888601604532
22.084716908419 0.0279662291040409 0.536765521249688 5.52526824964627
22.167841111995 0.0277956391977406 0.530598905201269 5.53160545560099
22.251339951757 0.0276272832778206 0.524474797686782 5.5378979190354
22.3352192149233 0.0274611258582524 0.518392953048576 5.54414592109318
22.4194847871452 0.0272971321884839 0.512353128811031 5.55034973900049
22.5041426553569 0.0271352682354489 0.506355085636008 5.55650964612855
22.5891989107045 0.0269755006661137 0.500398587279913 5.56262591205398
22.6746597515607 0.0268177968305421 0.494483400552301 5.56869880261716
22.7605314866268 0.0266621247454615 0.488609295275997 5.57472857997854
22.8468205381268 0.0265084530783126 0.482776044248685 5.58071550267301
22.9335334450971 0.0263567511317669 0.476983423205916 5.58665982566232
23.0206768667758 0.0262069888286952 0.471231210785508 5.5925618003858
23.1082575860964 0.0260591366975735 0.465519188493301 5.59842167480913
23.19628251329 0.0259131658583105 0.459847140670225 5.60423969347147
23.2847586896002 0.0257690480084832 0.454214854460652 5.61001609753087
23.3736932911163 0.0256267554099675 0.448622119782007 5.61575112480803
23.4630936327298 0.0254862608759508 0.443068729295596 5.62144500982846
23.5529671722189 0.0253475377583139 0.437554478378639 5.62709798386305
23.6433215144672 0.0252105599353704 0.432079165097469 5.63271027496716
23.7341644158219 0.0250753017999531 0.426642590181878 5.63828210801817
23.8255037885982 0.0249417382478348 0.421244557000587 5.64381370475158
23.9173477057356 0.0248098446664745 0.41588487153782 5.64930528379571
24.0097044056132 0.0246795969240774 0.410563342370952 5.65475706070497
24.1025822970306 0.0245509713589603 0.405279780649233 5.66016924799181
24.1959899643628 0.0244239447692123 0.400034000073542 5.66554205515725
24.2899361728953 0.0242984944026412 0.39482581687718 5.67087568872018
24.384429874348 0.0241745979469982 0.389655049807676 5.67617035224533
24.4794802125981 0.0240522335204714 0.38452152010959 5.68142624636994
24.5750965296073 0.0239313796624405 0.379425051508303 5.68664356882926
24.6712883715669 0.0238120153244848 0.374365470194789 5.69182251448073
24.7680654952672 0.0236941198616375 0.369342604811349 5.69696327532702
24.8654378747034 0.0235776730238779 0.364356286438305 5.70206604053782
24.963415707929 0.0234626549478557 0.359406348581637 5.70713099647051
25.0620094241668 0.023349046148841 0.354492627161576 5.71215832668959
25.1612296911915 0.0232368275128919 0.349614960502121 5.71714821198499
25.2610874229948 0.0231259802892349 0.344773189321496 5.72210083038927
25.3615937877479 0.0230164860828521 0.33996715672354 5.72701635719361
25.4627602160752 0.022908326847269 0.335196708190016 5.73189496496272
25.5645984096533 0.022801484877537 0.330461691573858 5.73673682354861
25.6671203501527 0.0226959428034066 0.325761957093337 5.74154210010326
25.7703383085375 0.0225916835826849 0.321097357327159 5.74631095909016
25.8742648547413 0.0224886904947728 0.316467747210495 5.75104356229473
25.9789128677382 0.0223869471343778 0.31187298403195 5.75574006883368
26.0842955460282 0.0222864374053969 0.307312927431462 5.76040063516314
26.1904264185581 0.0221871455149661 0.302787439399162 5.76502541508587
26.2973193560995 0.0220890559676714 0.298296384275176 5.76961455975715
26.4049885831084 0.0219921535599177 0.293839628750397 5.77416821768969
26.5134486900897 0.0218964233744522 0.289417041868229 5.77868653475732
26.6227146464941 0.0218018507750377 0.285028495027315 5.78316965419765
26.7328018141747 0.0217084214012721 0.280673861985265 5.78761771661346
26.8437259614329 0.0216161211635522 0.276353018863392 5.79203085997306
26.9555032776844 0.0215249362381767 0.272065844152484 5.79640921960934
27.0681503887806 0.0214348530625855 0.26781221871961 5.80075292821781
27.1816843730177 0.0213458583307341 0.263592025816001 5.80506211585327
27.2961227778745 0.0212579389885975 0.259405151086011 5.80933690992539
27.4114836375158 0.0211710822298028 0.255251482577186 5.81357743519301
27.5277854911066 0.0210852754913871 0.251130910751465 5.81778381375715
27.6450474019813 0.0210005064496786 0.247043328497535 5.82195616505279
27.7632889777156 0.0209167630162975 0.24298863114438 5.82609460583932
27.8825303911547 0.020834033334276 0.238966716476037 5.83019925018969
28.0027924024505 0.0207523057742939 0.2349774847476 5.83427020947811
28.1240963821683 0.0206715689310283 0.231020838702514 5.83830759236646
28.2464643355247 0.020591811619616 0.227096683591175 5.84231150478921
28.3699189278246 0.0205130228722252 0.223204927190898 5.84628204993688
28.4944835111675 0.0204351919347375 0.219345479827282 5.85021932823798
28.620182152502 0.0203583082635351 0.215518254397011 5.85412343733946
28.7470396631088 0.0202823615223955 0.211723166392159 5.85799447208545
28.8750816296007 0.0202073415794894 0.207960133926027 5.86183252449449
29.0043344465346 0.0201332385044822 0.204229077760575 5.86563768373495
29.1348253507363 0.0200600425657374 0.200529921335515 5.86941003609875
29.2665824574461 0.0199877442276214 0.196862590799107 5.87314966497327
29.399634798404 0.0199163341479081 0.193227015040737 5.87685665081136
29.5340123619977 0.0198458031752831 0.189623125725341 5.88053107109938
29.6697461356104 0.019776142346947 0.186050857329743 5.88417300032331
29.8068681503124 0.019707342886317 0.182510147180998 5.88778250993269
29.9454115280558 0.0196393962008264 0.179000935496802 5.89135966830237
30.0854105315376 0.0195722938798222 0.175523165428076 5.8949045406921
30.2269006169179 0.0195060276925602 0.172076783103808 5.89841718920363
30.3699184895879 0.0194405895862982 0.168661737678246 5.90189767273546
30.5145021632008 0.019375971684487 0.165277981380563 5.90534604693495
30.6606910221985 0.01931216628506 0.16192546956709 5.90876236414785
30.8085258880819 0.0192491658588215 0.158604160776243 5.91214667336494
30.9580490896961 0.019186963047935 0.155314016786278 5.91549902016579
31.1093045378259 0.0191255506645117 0.152055002675992 5.9188194466595
31.2623378044185 0.0190649216893005 0.148827086888528 5.92210799142218
31.4171962067823 0.0190050692704814 0.145630241298434 5.92536468943109
31.5739288971387 0.018945986722562 0.142464441282137 5.92858957199531
31.7325869579379 0.0188876675253811 0.139329665792007 5.93178266668262
31.893223503387 0.0188301053232194 0.136225897434199 5.93494399724259
32.0558937876809 0.0187732939240203 0.133153122550469 5.93807358352552
32.2206553204694 0.0187172272987231 0.130111331304183 5.9411714413971
32.3875679901456 0.0186618995807106 0.127100517770731 5.94423758264856
32.5566941955973 0.0186073050653756 0.124120680032612 5.94727201490202
32.728098987122 0.0185534382098078 0.121171820279423 5.95027474151077
32.9018502172768 0.0185002936326054 0.118253944913057 5.95324576145434
33.0780187025109 0.0184478661138158 0.115367064658383 5.95618506922781
33.2566783965113 0.018396150595009 0.112511194679747 5.95909265472525
33.4379065762897 0.018345142179489 0.109686354703629 5.96196850311689
33.6217840421425 0.0182948361326476 0.106892569147819 5.96481259471954
33.8083953327352 0.0182452278824673 0.104129867257524 5.96762490486001
33.9978289566956 0.0181963130201785 0.101398283248807 5.97040540373102
34.190177642249 0.0181480873010785 0.0986978564598381 5.97315405623909
34.385538606596 0.0181005466455187 0.0960286315104422 5.97587082184404
34.5840138469228 0.0180536871400694 0.093390658470465 5.97855565438947
34.7857104551474 0.0180075050388689 0.0907839930375447 5.98120850192359
34.9907409587456 0.0179619967651684 0.0882086967248964 5.98382930650994
35.1992236902722 0.0179171589130815 0.0856648370597803 5.98641800402714
35.4112831885054 0.0178729882495503 0.0831524877933733 5.98897452395708
35.6270506344911 0.0178294817165396 0.0806717291228236 5.99149878916064
35.8466643261663 0.017786636433474 0.0782226479263317 5.9939907156402
36.0702701956967 0.0177444496999296 0.0758053380121731 5.9964502122879
36.298022374189 0.0177029189985994 0.0734199003826514 5.99887718061876
36.5300838090355 0.0176620419985464 0.0710664435140593 6.0012715144874
36.7666269398382 0.0176218165587661 0.0687450836538134 6.00363309978743
37.0078344396558 0.0175822407320761 0.0664559451360317 6.0059618141319
37.2539000292273 0.0175433127693566 0.0641991607169335 6.00825752651372
37.5050293728924 0.0175050311241665 0.0619748719315629 6.01052009694428
37.761441066154 0.0174673944577602 0.0597832294734703 6.01274937606878
38.0233677262624 0.017430401644535 0.0576243935991343 6.01494520475634
38.291057198869 0.0173940517779415 0.0554985345590648 6.017107413663
38.5647738957531 0.0173583441768896 0.0534058330577079 6.01923582276541
38.8448002809166 0.0173232783926906 0.0513464807444638 6.02133024086285
39.1314385250441 0.0172888542165749 0.0493206807383435 6.02339046504509
39.4250123515142 0.0172550716878316 0.047328648189021 6.02541628012315
39.7258691009281 0.0172219311026199 0.045370610877292 6.02740745802009
40.0343820456166 0.0171894330235058 0.0434468098582279 6.02936375711827
40.3509529909568 0.0171575782897842 0.0415575001506138 6.03128492155961
40.6760152067556 0.0171263680286513 0.0397029514765874 6.03317068049477
41.0100367396986 0.0170958036672983 0.0378834490557442 6.03502074727696
41.3535241672059 0.0170658869460033 0.0360992944583558 6.03683481859565
41.7070268643789 0.0170366199323055 0.0343508065227422 6.03861257354496
42.07114186954 0.0170080050363547 0.0326383223422607 6.04035367262139
42.4465194507975 0.0169800450275319 0.0309621983278034 6.04205775664467
42.833869496896 0.0169527430524501 0.0293228113521241 6.04372444559543
43.2339688813875 0.0169261026544481 0.0277205599827343 6.04535333736283
43.6476699812205 0.0169001277946964 0.0261558658104783 6.04694400639483
44.0759105709601 0.0168748228750438 0.024629174881191 6.04849600224377
44.5197253643553 0.0168501927627328 0.023140959238006 6.05000884799927
44.9802595389519 0.0168262428171136 0.0216917185818205 6.05148203860107
45.4587846610655 0.0168029789184842 0.0202819820570457 6.05291503902448
45.956717533286 0.0167804074991663 0.0189123101688894 6.05430728233195
46.4756426224218 0.0167585355769093 0.0175832968368088 6.05565816758629
47.017338902934 0.0167373707906673 0.0162955715860833 6.05696705762326
47.5838121840552 0.0167169214387326 0.0150498018752017 6.05823327668607
48.1773342984739 0.0166971965191048 0.0138466955502143 6.05945610793069
48.8004909457979 0.0166782057718198 0.0126870034073278 6.06063479082086
49.4562405468801 0.0166599597227285 0.0115715218302961 6.06176851844698
50.1479872363892 0.0166424697278713 0.0105010954473426 6.06285643482479
50.8796721906272 0.0166257480170764 0.00947661972012509 6.0638976322628
51.6558889900371 0.0166098077346533 0.00849904332967725 6.06489114893568
52.4820308556653 0.0165946629739224 0.00756937015390846 6.06583596687218
53.3644806923234 0.016580328800649 0.00668866052686575 6.06673101067249
54.3108594164571 0.0165668212579467 0.00585803131437818 6.06757514742768
55.3303548437835 0.0165541573414624 0.00507865410745309 6.06836718855109
56.4341637733326 0.0165423549279814 0.00435175048278162 6.06910589458924
57.6360960350954 0.0165314326319627 0.00367858274468983 6.06978998462335
58.953414964875 0.0165214095512912 0.00306043774388399 6.07041815270483
60.4080307537368 0.0165123048431515 0.00249860010662317 6.07098909505023
62.0282336516596 0.0165041370393625 0.00199430925556273 6.07150155370508
63.8512761893301 0.0164969229616331 0.00154869158180495 6.07195438545657
65.9273325014522 0.0164906760221406 0.00116265449057434 6.07234666948729
68.3257697657625 0.0164854035826445 0.000836722115995205 6.07267787430137
71.1454535226348 0.0164811028891358 0.000570782863141683 6.07294811424773
74.5323919093023 0.0164777549226738 0.000363708075398832 6.07315853700193
78.7113247346307 0.0164753154632889 0.000212798500636212 6.07331188603608
84.0448430903259 0.0164737033714755 0.000113059135749994 6.07341323749278
91.1474222263339 0.016472789752332 5.65296418634772E-05 6.07347068060581
100 0.0164723602736079 2.99550363378002E-05 6.07349768469006
