1 0.0355628298993169 0.241960526251793 0.000269710170432091
0.1 0.0355628298993169 0.000868619563799911 0.000269710170432091
0.01 0.00442989039761965 0.000177522419516407 0.000269710170432091
0.001 8.72592122274085E-05 2.23693605105879E-06 0.000269710170432091
0.0001 4.2217956615076E-06 5.98553926423051E-08 0.000269710170432091
1E-05 1.76391572459522E-07 2.81299676885283E-08 0.000269710170432091
1E-06 3.76436215532294E-09 2.86011214711834E-11 5.61879932359233E-07
1E-07 1.66584079863696E-10 1.92335036786062E-12 9.29284915685002E-09
1E-08 6.26076968046618E-12 4.84057238736568E-14 5.41881650661935E-10
1E-09 1.4122036873232E-13 1.77635683940025E-15 5.99438720882972E-10
1E-10 5.32907051820075E-15 0 3.00870439673417E-12
1E-11 0 0 2.46469511466785E-13
1E-12 0 0 5.55111512312578E-14
1E-13 0 0 3.10862446895044E-15
1E-14 0 0 2.66453525910038E-15
1E-15 0 0 0
