0 1 1 0
0.00979117145723656 0.99995 0.999952066863683 2.06686368331432E-06
0.0194539900563757 0.999804157162851 0.999810777103295 6.61994044404146E-06
0.0290375083860643 0.999566252136729 0.999578441175335 1.21890386060031E-05
0.0385719709261874 0.999238113565359 0.999256193755683 1.80801903242322E-05
0.0480761850515036 0.998820582163477 0.998844562789888 2.39806264110687E-05
0.0575619326850585 0.998314006213276 0.998343769338143 2.97631248669106E-05
0.0670366526257694 0.997718497356149 0.997753884945169 3.53875890194422E-05
0.0765050880552708 0.997034061162154 0.997074912886642 4.0851724487756E-05
0.0859703050151973 0.996260661907543 0.996306828821486 4.61669139436571E-05
0.0954343246105521 0.995398253042403 0.995449600060077 5.13470176737307E-05
0.104898516463355 0.994446790135437 0.994503193829544 5.64036941064217E-05
0.114363843990921 0.993406235203555 0.993467580093956 6.13448904006608E-05
0.12383101748445 0.992276557078851 0.992342731850633 6.61747717811689E-05
0.13330058972572 0.991057730174455 0.99112862439296 7.08942185058126E-05
0.142773015756258 0.98974973279211 0.989825234264839 7.5501472729278E-05
0.152248690269811 0.988352545480309 0.988432538232031 7.99927517221022E-05
0.161727971032147 0.986866149633375 0.986950512394052 8.43627606765818E-05
0.171211193574473 0.985290526371029 0.985379131464209 8.86050931802052E-05
0.180698680436817 0.983625655673457 0.983718368203953 9.27125304955867E-05
0.190190747007932 0.981871515725311 0.981968192983523 9.66772582123854E-05
0.199687705240319 0.980028082420055 0.980128573439175 0.000100491019120019
0.209189866039285 0.978095328982224 0.97819947420083 0.000104145218606244
0.218697540825266 0.976073225673376 0.976180856668972 0.000107630995596075
0.228211042581432 0.973961739555617 0.974072678824544 0.000110939268926469
0.237730686581654 0.971760834293325 0.971874895059761 0.000114060766436497
0.247256790920812 0.969470469979012 0.969587456021019 0.000116986042006939
0.256789676923807 0.967090602973342 0.967210308457581 0.00011970548423923
0.266329669481112 0.964621185752184 0.964743395071527 0.000122209319342925
0.27587709734091 0.962062166755738 0.962186654365733 0.000124487609995061
0.285432293376737 0.95941349023619 0.959540020487557 0.000126530251366774
0.294995594842615 0.956675096101406 0.956803423066528 0.000128326965122216
0.304567343623358 0.95384691975283 0.953976787044751 0.000129867291921104
0.314147886485017 0.950928891916243 0.951060032499014 0.000131140582770528
0.323737575328779 0.947920938464314 0.948053074453761 0.000132135989447391
0.333336767450584 0.944822980230089 0.944955822684213 0.000132842454124038
0.342945825808133 0.941634932810675 0.941768181508951 0.000133248698276245
0.352565119296523 0.938356706360434 0.93849004957134 0.000133343210905967
0.362195023033568 0.934988205373048 0.93512131960914 0.000133114236091858
0.371835918655722 0.931529328451812 0.931661878211667 0.000132549759854883
0.381488194625465 0.927979968067506 0.928111605563823 0.000131637496317061
0.391152246550987 0.924340010303164 0.924470375176282 0.000130364873117905
0.400828477519024 0.920609334585046 0.920738053601092 0.000128719016046164
0.410517298441718 0.916787813399044 0.916914500131883 0.000126686732838999
0.420219128418425 0.912875311991742 0.912999566487832 0.000124254496090326
0.429934395113427 0.90887168805527 0.90899309648048 0.00012140842520969
0.439663535150589 0.904776791395038 0.904894925662399 0.00011813426736107
0.449406994526041 0.900590463579381 0.900704880956691 0.000114417377310438
0.459165229040062 0.89631253757006 0.89642278026616 0.000110242696100271
0.468938704749426 0.891942837332501 0.892048432060965 0.000105594728464276
0.478727898441527 0.88748117742455 0.887581634943438 0.000100457518887986
0.488533298131751 0.882927362562459 0.883022177188671 9.48146262115257E-05
0.498355403585621 0.87828118716268 0.878369836259344 8.86490966636178E-05
0.508194726867394 0.873542434857978 0.873624378293182 8.19434352045123E-05
0.518051792916897 0.868710877986217 0.868785557561262 7.46795750443674E-05
0.527927140156524 0.863786277050077 0.863853115895272 6.68388451950941E-05
0.537821321130505 0.858768380145787 0.858826782081682 5.84019358953469E-05
0.547734903178667 0.853656922358838 0.853706271220575 4.93488617372417E-05
0.557668469147148 0.848451625124454 0.848491284046761 3.96589223073951E-05
0.567622618138686 0.843152195550409 0.843181506210544 2.93106601344517E-05
0.577597966305334 0.837758325699603 0.837776607515321 1.82818157181686E-05
0.587595147686715 0.832269691829557 0.832276241108948 6.54927939158778E-06
0.597614815097157 0.826685953585781 0.826680042625524 -5.91096025670534E-06
0.607657641065383 0.821006753145667 0.820987629273969 -1.91238716986675E-05
0.617724318830714 0.815231714309296 0.815198598869442 -3.3115439853737E-05
0.627815563400134 0.809360441533204 0.809312528803296 -4.79127299082283E-05
0.637932112670931 0.80339251890282 0.803328974946849 -6.35439559714124E-05
0.648074728624075 0.797327509038868 0.797247470483856 -8.00385550119298E-05
0.658244198593987 0.791164951932609 0.791067524666041 -9.74272665678066E-05
0.668441336620862 0.784904363704324 0.784788621485548 -0.000115742218775639
0.678666984892323 0.778545235278876 0.77841021825755 -0.000135017021325456
0.68892201528184 0.772087030971625 0.771931744105609 -0.000155286866016624
0.699207330992087 0.765529186977303 0.765352598341637 -0.000176588635666164
0.709523868312222 0.758871109753694 0.758672148731487 -0.000198961022206956
0.719872598499006 0.752112174291192 0.751889729636277 -0.000222444654915832
0.730254529792714 0.745251722258338 0.745004640018522 -0.000247082239816399
0.740670709579926 0.738289060012447 0.738016141301009 -0.000272918711438752
0.751122226716604 0.731223456463265 0.730923455065013 -0.00030000139825237
0.761610214026318 0.724054140776298 0.723725760573034 -0.000328380203264644
0.772135850990145 0.716780299901002 0.716422192099542 -0.000358107801460616
0.782700366646605 0.709401075907367 0.709011836051388 -0.000389239855979495
0.793305042722153 0.701915563112573 0.701493727857396 -0.000421835255176695
0.803951217015109 0.694322804977279 0.693866848604274 -0.000455956373004884
0.814607787389742 0.686621790748712 0.68615376385218 -0.000468026896532248
0.825254987639888 0.678835317733345 0.678369642961045 -0.00046567477229964
0.835880855877784 0.670978700423115 0.670524446969008 -0.000454253454106879
0.846478361954927 0.663061986294093 0.662624785543884 -0.000437200750209144
0.857043571269575 0.655091834782893 0.654675121123032 -0.000416713659861068
0.86757447984647 0.647072735366676 0.646678543858812 -0.000394191507863351
0.878070279009474 0.639007791262685 0.638637267949619 -0.000370523313065529
0.888530892929328 0.63089922122671 0.630552948539577 -0.000346272687133053
0.898956688673814 0.622748679853167 0.622426883648586 -0.000321796204580282
0.909348294964208 0.614557461611957 0.614260142680447 -0.000297318931509305
0.919706489283954 0.606326630656658 0.606053648146033 -0.000272982510625019
0.930032127892124 0.598057103345871 0.597808227619775 -0.000248875726096331
0.940326102726942 0.589749700686313 0.589524646777149 -0.000225053909164163
0.950589315134995 0.581405181663909 0.581203630416584 -0.00020155124732546
0.960822660107919 0.573024264439992 0.572845875854036 -0.00017838858595598
0.971027017063616 0.564607639846671 0.564452061477366 -0.000155578369305243
0.981203244688503 0.556155979996882 0.556022852229531 -0.000133127767351082
0.991352178286033 0.547669943795739 0.547558903142864 -0.000111040652875261
1.00147462865931 0.53915018048632 0.539060861636083 -8.93188502371078E-05
1.01157138192096 0.530597331948283 0.530529369025208 -6.79629230746492E-05
1.02164319985242 0.522012034204577 0.521965061534294 -4.69726702826412E-05
1.03169082057802 0.513394918424738 0.513368570987208 -2.6347437530716E-05
1.04171495940921 0.504746611607514 0.504740525295278 -6.08631223653067E-06
1.0517163097701 0.496067737058593 0.496081548813623 1.38117550299577E-05
1.06169554415051 0.487358914736795 0.487392262612322 3.33478755270566E-05
1.0716533150547 0.478620761515224 0.478673284691742 5.25231765187151E-05
1.08159025592718 0.469853891386871 0.469925230160665 7.13387737940607E-05
1.09150698204545 0.461058915633411 0.461148711389081 8.97957556701967E-05
1.10140409137477 0.452236442969109 0.452344338143264 0.000107895174154715
1.11128216538279 0.443387079667464 0.44351271770801 0.000125638040545439
1.12114176981424 0.434511429675463 0.434654454999212 0.000143025323748991
1.13098345542635 0.425610094718615 0.425770152668861 0.000160057950245485
1.14080775868671 0.416683674398831 0.416860411203856 0.000176736805024669
1.15061520243547 0.407732766286504 0.407925829019576 0.000193062733072236
1.16040629651363 0.398757966007738 0.398967002548886 0.0002090365411479
1.17018153835964 0.389759867327349 0.389984526327043 0.000224658999694316
1.1799414135761 0.380739062228116 0.380978993072896 0.000239930844779801
1.18968639646842 0.371696140986629 0.371950993766648 0.000254852780018855
1.19941695055726 0.362631692245986 0.362901117724422 0.00026942547843567
1.20913352906629 0.353546303085588 0.353829952669842 0.000283649584253809
1.21883657538697 0.344440559088187 0.344738084802791 0.000297525714604507
1.22852652352166 0.335315044404371 0.33562609886552 0.000311054461148375
1.23820379850643 0.326170341814619 0.326494578206234 0.000324236391614441
1.24786881681493 0.317007032789059 0.317344104840315 0.000337072051255938
1.25752198674436 0.307825697545052 0.30817525950928 0.000349561964228362
1.26716370878476 0.298626915102718 0.298988621737611 0.000361706634892711
1.27679437597257 0.289411263338508 0.289784769887557 0.000373506549049163
1.28641437422938 0.280179319036919 0.280564281212024 0.000384962175104531
1.29602408268695 0.270931657940463 0.271327731905641 0.00039607396517799
1.30562387399908 0.261668854797962 0.262075697154111 0.000406842356148851
1.31521411464133 0.252391483411276 0.252808751181925 0.000417267770648988
1.32479516519922 0.243100116680536 0.243527467298542 0.000427350618006361
1.33436738064568 0.233795326647958 0.234232417943097 0.000437091295139497
1.34393111060823 0.224477684540337 0.224924174727744 0.000446490187407
1.3534866996268 0.215147760810269 0.215603308479685 0.000455547669416273
1.36303448740241 0.205806125176188 0.20627038928198 0.000464264105791784
1.3725748090376 0.196453346661285 0.196925986513193 0.000472639851907819
1.38210799526885 0.187089993631369 0.187570668885954 0.000480675254585061
1.3916343726916 0.17771663383174 0.178205004484495 0.000488370652755421
1.40115426397839 0.168333834423134 0.16882956080123 0.000495726378096611
1.4106679880904 0.1589421620168 0.159444904772438 0.00050274275563747
1.42017586048294 0.149542182708766 0.150051602813102 0.000509420104336383
1.42967819330519 0.140134462113346 0.14065022085098 0.000515758737633903
1.43917529559463 0.130719565395959 0.131241324359942 0.000521758963982766
1.44866747346649 0.12129805730529 0.121825478392644 0.000527421087353999
1.45815503029858 0.111870502204862 0.112403247612585 0.000532745407722704
1.46763826691173 0.102437464104066 0.1029751963256 0.000537732221533596
1.47711748174635 0.0929995066886947 0.0935418885108427 0.000542381822148025
1.48659297103517 0.0835571933510267 0.0841038878513 0.000546694500273351
1.49606502897267 0.0741110872195224 0.0746617577638986 0.0005506705443762
1.50553394788129 0.0646617511881612 0.0652160614292404 0.000554310241079117
1.51500001837486 0.055209747945477 0.0557673618210209 0.000557613875543921
1.52446352951931 0.0457556400033342 0.0463162217351751 0.000560581731840926
1.53392476899116 0.0362999897254905 0.0368632038187959 0.000563214093305481
1.54338402323376 0.0268433593559893 0.0274088705988713 0.000565511242881955
1.55284157761178 0.0173863110474285 0.017953784510886 0.000567473463457566
1.56229771656396 0.00792940688914739 0.00849850792733306 0.000569101038185669
1.57175272375452 -0.00152679106462173 -0.000956396813823353 0.00057039425079838
1.58120688222331 -0.0109817207665957 -0.0104103673806838 0.00057135338591195
1.59066047453505 -0.0204348201482308 -0.0198628414189082 0.000571978729322652
1.60011378292779 -0.0298855270914172 -0.0293132565231215 0.000572270568295615
1.6095670894608 -0.0393332794000339 -0.0387610502081872 0.000572229191846671
1.6190206761622 -0.0487775147713192 -0.0482056598803003 0.000571854891018894
1.6284748251764 -0.0582176707670104 -0.0576465228078586 0.000571147959151821
1.6379298189117 -0.0676531847842093 -0.0670830760920622 0.000570108692147159
1.64738594018813 -0.0770834940259248 -0.0765147566371947 0.00056873738873009
1.65684347238587 -0.0865080354712477 -0.0859410011205411 0.000567034350706638
1.66630269959436 -0.0959262458451087 -0.0953612459618915 0.000564999883217218
1.67576390676237 -0.105337561587571 -0.104774927292582 0.000562634294989595
1.68522737984926 -0.11474141882261 -0.114181480924022 0.000559937898588311
1.69469340597753 -0.124137253326322 -0.123580342315657 0.000556911010664615
1.70416227358713 -0.133524500494522 -0.132970946542318 0.000553553952204355
1.71363427259144 -0.142902595309667 -0.14235272826089 0.00054986704877702
1.72310969453548 -0.152270972307051 -0.151725121676265 0.000545850630785799
1.7325888327563 -0.161629065540217 -0.161087560506498 0.000541505033718998
1.74207198254602 -0.170976308545536 -0.170439477947132 0.000536830598403676
1.75155944131759 -0.18031213430587 -0.179780306634608 0.000531827671262336
1.76105150877376 -0.189635975213283 -0.189109478608709 0.000526496604574295
1.77054848707923 -0.198947263030718 -0.198426425273977 0.000520837756740777
1.78005068103654 -0.208245428852573 -0.207730577360017 0.000514851492556562
1.78955839826584 -0.217529903064124 -0.217021364880636 0.000508538183487506
1.79907194938884 -0.226800115299695 -0.22629821709174 0.000501898207955348
1.80859164821737 -0.236055494399523 -0.235560562447891 0.000494931951631833
1.8181178119467 -0.245295468365228 -0.244807828557486 0.000487639807742024
1.82765076135418 -0.254519464313804 -0.254039442136426 0.00048002217737797
1.83719082100332 -0.263726908430056 -0.263254828960232 0.000472079469824804
1.84673831945394 -0.272917225917377 -0.272453413814478 0.000463812102899253
1.85629358947853 -0.282089840946785 -0.281634620443482 0.000455220503303599
1.86585696828547 -0.291244176604114 -0.290797871497119 0.000446305106995004
1.87542879774939 -0.300379654835254 -0.299942588475681 0.000437066359573079
1.88500942464922 -0.309495696389337 -0.309068191672651 0.0004275047166859
1.89459920091432 -0.318591720759746 -0.318174100115289 0.000417620644457661
1.90419848387937 -0.327667146122836 -0.327259731502897 0.000407414619938984
1.91380763654839 -0.336721389274228 -0.336324502142645 0.000396887131582535
1.92342702786859 -0.34575386556255 -0.345367826882804 0.000386038679745737
1.9330570330146 -0.354763988820484 -0.35438911904326 0.000374869777224285
1.94269803368374 -0.363751171292962 -0.363387790343146 0.000363380949815972
1.95235041840312 -0.372714823562355 -0.372363250825433 0.000351572736921879
1.96201458284907 -0.381654354470494 -0.381314908778309 0.000339445692184859
1.97169093018 -0.390569171037334 -0.390242170653165 0.000327000384169496
1.98137987138325 -0.399458678376081 -0.399144440978993 0.000314237397088191
1.99108182563697 -0.408322279604577 -0.408021122273001 0.000301157331575375
2.00079722068795 -0.417159375752731 -0.416871614947215 0.000287760805516346
2.01052649324644 -0.425969365665778 -0.425695317210846 0.000274048454932785
2.02027008939894 -0.434751645903108 -0.434491624968174 0.000260020934933825
2.03002846504031 -0.443505610632425 -0.443259931711691 0.000245678920733849
2.03980208632626 -0.452230651518958 -0.451999628410213 0.000231023108744899
2.04959143014775 -0.46092615760943 -0.460710103391678 0.000216054217752282
2.0593969846285 -0.469591515210474 -0.469390742220296 0.000200772990178233
2.06921924964746 -0.478226107761169 -0.478040927567728 0.000185180193441159
2.0790587373876 -0.486829315699336 -0.486660039077915 0.000169276621421466
2.08891597291305 -0.49540051632121 -0.495247453225169 0.000153063096040684
2.0987914947764 -0.503939083634089 -0.503802543165121 0.000136540468967938
2.10868585565824 -0.512444388201517 -0.512324678578055 0.00011970962346175
2.11859962304133 -0.520915796980528 -0.520813225504167 0.000102571476360724
2.1285333799216 -0.529352673150454 -0.529267546170214 8.51269802401022E-05
2.13848772555887 -0.53775437593275 -0.537686998807005 6.7377125744672E-05
2.14846327626996 -0.546120260401248 -0.546070937457129 4.93229441187459E-05
2.1584606662674 -0.554449677282214 -0.554418711772264 3.09655099501871E-05
2.16848054854707 -0.562741972743536 -0.562729666799385 1.23059441515805E-05
2.17852359582833 -0.570996488172284 -0.571003142755086 -6.65458280224573E-06
2.18859050155085 -0.579212559939878 -0.579238474787229 -2.59148473510384E-05
2.19868198093224 -0.587389519153987 -0.587434992723 -4.5473569013299E-05
2.20879877209133 -0.595526691396226 -0.595592020802433 -6.53294062067378E-05
2.21894163724226 -0.603623396444657 -0.603708877396346 -8.54809516883659E-05
2.22911136396498 -0.611678947979977 -0.611784874707553 -0.0001059267275757
2.23930876655838 -0.619692653274214 -0.619819318454119 -0.00012666517990545
2.24953468748286 -0.627663812860624 -0.627811507533302 -0.0001476946726785
2.25978999889964 -0.635591720183379 -0.635760733664719 -0.000169013481339353
2.27007560431521 -0.643475661225498 -0.643666281011123 -0.000190619785625512
2.28039244033967 -0.65131491411332 -0.651527425775038 -0.000212511661717874
2.29074147856913 -0.659108748695695 -0.659343435769308 -0.000234687073613626
2.30112372760291 -0.666856426095833 -0.667113569959469 -0.000257143863636733
2.31154023520777 -0.674557198233614 -0.674837077975594 -0.000279879741979405
2.32199209064261 -0.682210307315898 -0.682513199591068 -0.000302892275169997
2.33248042715838 -0.689814985292133 -0.690141164165465 -0.000326178873332528
2.3430064246899 -0.697370453272311 -0.697720190048409 -0.000349736776098175
2.35357131275787 -0.704875920903971 -0.705249483940971 -0.000373563036999758
2.36417637360164 -0.71233058570462 -0.712728240210784 -0.000397654506163581
2.37482294556564 -0.719733632345554 -0.720155640156635 -0.000422007811081371
2.38547961324727 -0.727084231882589 -0.727508338292927 -0.000424106410338077
2.39612672580419 -0.734359267491665 -0.734771936698786 -0.000412669207121352
2.40675239455891 -0.74154449265827 -0.741937864179276 -0.000393371521005936
2.4173496355035 -0.748631435635731 -0.749001189001497 -0.00036975336576528
2.42791454295014 -0.755615230708608 -0.755959234925091 -0.000344004216483507
2.43844513093883 -0.762493246234412 -0.762810712265816 -0.000317466031404146
2.44894060194132 -0.769264223436465 -0.769555175261789 -0.000290951825323793
2.459400886962 -0.775927738720473 -0.776192684621427 -0.000264945900953717
2.46982635719924 -0.782483869383318 -0.782723598459438 -0.000239729076120576
2.48021764381591 -0.788932986563299 -0.78914844329899 -0.000215456735691233
2.49057552568522 -0.795275627524311 -0.79546783488057 -0.000192207356259355
2.50090085980396 -0.801512417280076 -0.801682429889042 -0.000170012608966763
2.51119453844646 -0.807644020839674 -0.807792896834166 -0.000148875994492315
2.52145746305052 -0.813671114417797 -0.813799898768667 -0.000128784350870159
2.53169052855195 -0.819594368362683 -0.819704083300459 -0.000109714937775895
2.54189461422673 -0.825414437302103 -0.825506077080849 -9.16397787459333E-05
2.55207057857104 -0.831131954717029 -0.831206483022956 -7.45283059276902E-05
2.56221925667323 -0.836747530214854 -0.83680587917055 -5.83489556960082E-05
2.57234145911062 -0.842261748433596 -0.8423048185508 -4.30701172039472E-05
2.58243797176812 -0.847675168917641 -0.847703829600634 -2.86606829933422E-05
2.59250955620256 -0.852988326559251 -0.853003416915128 -1.50903558766569E-05
2.60255695031981 -0.858201732357116 -0.858204062164549 -2.32980743242184E-06
2.61258086922055 -0.863315874340349 -0.863306225087323 9.64925302582298E-06
2.62258200612657 -0.868331218566385 -0.868310344503629 2.08740627557491E-05
2.63256103333414 -0.873248210138176 -0.873216839317279 3.137082089677E-05
2.64251860316269 -0.878067274208827 -0.878026109487655 4.11647211721045E-05
2.65245534888037 -0.882788816955731 -0.882738536962031 5.02799936999976E-05
2.66237188559659 -0.887413226514697 -0.88735448656376 5.87399509366371E-05
2.67226881111633 -0.891940873869711 -0.891874306834922 6.65670347889114E-05
2.68214670675454 -0.89637211369696 -0.896298330833776 7.37828631837134E-05
2.69200613811033 -0.900707285163537 -0.900626876888404 8.04082751333368E-05
2.70184765580211 -0.904946712682242 -0.904860249308442 8.64633737999165E-05
2.7116717961651 -0.909090706624385 -0.908998739057052 9.19675673337617E-05
2.72147908191318 -0.913139563992773 -0.913042624385346 9.69396074266271E-05
2.73127002276688 -0.917093569057089 -0.916992171431478 0.000101397625611011
2.74104511604971 -0.920952993953899 -0.920847634786506 0.000105359167392072
2.75080484725456 -0.924718099253379 -0.924609258029058 0.000108841224320866
2.7605496905821 -0.928389134494814 -0.928277274230679 0.000111860264134678
2.77028010945299 -0.931966338692739 -0.931851906433654 0.000114432259084918
2.77999655699545 -0.935449940815523 -0.935333368102944 0.000116572712579255
2.78969947650975 -0.938840160238037 -0.938721863553784 0.000118296684252228
2.79938930191119 -0.942137207169952 -0.942017588356378 0.000119618813574029
2.80906645815267 -0.945341283061109 -0.945220729719005 0.000120553342104146
2.81873136162845 -0.948452580985275 -0.948331466850795 0.000121114134480571
2.82838442055991 -0.951471286003541 -0.951349971305301 0.000121314698239172
2.83802603536468 -0.954397575508493 -0.954276407305952 0.000121168202541266
2.84765659901007 -0.957231619550248 -0.957110932054361 0.000120687495887339
2.85727649735173 -0.959973581145316 -0.959853696022428 0.000119885122887742
2.86688610945844 -0.962623616569241 -0.962504843229086 0.000118773340155309
2.87648580792395 -0.965181875633871 -0.965064511502491 0.000117364131379749
2.88607595916655 -0.967648501950041 -0.967532832728401 0.000115669221640857
2.8956569237172 -0.970023633176447 -0.969909933085435 0.00011370009101197
2.90522905649679 -0.972307401255367 -0.972195933267866 0.000111467987500502
2.91479270708335 -0.974499932635907 -0.974390948696532 0.000108983939374641
2.92434821996968 -0.976601348485357 -0.976495089718446 0.000106258766911504
2.93389593481202 -0.978611764889227 -0.978508461795615 0.000103303093612173
2.94343618667034 -0.980531293040476 -0.980431165683562 0.000100127356913893
2.95296930624073 -0.982360039418435 -0.982263297599997 9.67418184385505E-05
2.96249562008036 -0.984098105957878 -0.984004949384073 9.3156573804265E-05
2.97201545082551 -0.985745590208647 -0.985656208646613 8.93815620337524E-05
2.98152911740309 -0.987302585486254 -0.987217158911671 8.54265745832139E-05
2.99103693523606 -0.988769181013809 -0.988687879749787 8.1301264021727E-05
3.00053921644311 -0.990145462055617 -0.990068446903236 7.70151523818985E-05
3.01003627003306 -0.991431510042779 -0.991358932403571 7.25776392077604E-05
3.01952840209426 -0.992627402691071 -0.992559404681752 6.79980093192256E-05
3.02901591597933 -0.9937332141114 -0.993669928671084 6.32854403158634E-05
3.03849911248566 -0.994749014913073 -0.994690565903237 5.84490098362034E-05
3.04797829003184 -0.995674872300125 -0.99562137459753 5.34977025948846E-05
3.05745374483041 -0.996510850160927 -0.996462409743715 4.8440417211304E-05
3.06692577105725 -0.99725700915127 -0.997213723178421 4.32859728491941E-05
3.07639466101777 -0.997913406771117 -0.997875363655437 3.80431156808969E-05
3.08586070531028 -0.998480097435185 -0.998447376909992 3.27205251929863E-05
3.09532419298673 -0.99895713253752 -0.998929805717173 2.73268203468957E-05
3.10478541171115 -0.999344560510216 -0.999322689944608 2.18705656077622E-05
3.11424464791586 -0.999642426876375 -0.999626066599518 1.63602768572524E-05
3.12370218695595 -0.999850774297468 -0.999839969870268 1.08044272000285E-05
3.13315831326206 -0.999969642615157 -0.999964431162477 5.21145267984302E-06
3.14261331049167 -0.999999068887704 -0.99999947912979 -4.10242085857604E-07
3.15206746167938 -0.999939087421021 -0.999945139699359 -6.05227833805344E-06
3.16152104938603 -0.999789729794447 -0.999801436092113 -1.17062976661142E-05
3.17097435584719 -0.999551024881294 -0.999568388837835 -1.73639565416162E-05
3.18042766312109 -0.99922299886422 -0.999246015785107 -2.30169208866871E-05
3.18988125323616 -0.998805675245459 -0.998834332106125 -2.86568606651105E-05
3.19933540833854 -0.998299074851932 -0.998333350296417 -3.42754444849769E-05
3.20879041083966 -0.99770321583525 -0.997743080169454 -3.98643342031102E-05
3.21824654356409 -0.997018113666624 -0.997063528846142 -4.54151795182822E-05
3.22770408989794 -0.996243781126659 -0.996294700739204 -5.09196125447753E-05
3.23716333393801 -0.995380228290032 -0.995436597532385 -5.63692423530826E-05
3.24662456064186 -0.99442746250501 -0.994489218154479 -6.17556494684202E-05
3.25608805597906 -0.993385488367782 -0.993452558748096 -6.70703803142825E-05
3.2655541070838 -0.992254307691547 -0.992326612633138 -7.23049415909394E-05
3.27502300240915 -0.991033919470304 -0.991111370264881 -7.74507945766612E-05
3.28449503188316 -0.989724319837274 -0.989806819186614 -8.24993493392379E-05
3.29397048706697 -0.98832550201786 -0.988412943976707 -8.74419588462461E-05
3.30344966131531 -0.986837456277066 -0.986929726190028 -9.22699129617399E-05
3.31293284993951 -0.985260169861258 -0.985357144293573 -9.69744323151556E-05
3.32242035037338 -0.983593626934154 -0.983695173596184 -0.000101546662029772
3.33191246234205 -0.981837808506911 -0.981943786172208 -0.000105977665297075
3.34140948803433 -0.979992692362154 -0.980102950778936 -0.000110258416781917
3.35091173227851 -0.978058252971808 -0.978172632767651 -0.00011437979584239
3.36041950272222 -0.976034461408541 -0.976152793988091 -0.000118332579550517
3.36993311001642 -0.973921285250636 -0.974043392686131 -0.000122107435495344
3.379452868004 -0.971718688480094 -0.971844383394446 -0.000125694914352548
3.38897909391313 -0.969426631373735 -0.969555716815934 -0.00012908544219925
3.39851210855598 -0.967045070387065 -0.967177339699623 -0.000132269312558164
3.40805223653285 -0.964573958030654 -0.964709194708802 -0.00013523667814852
3.41759980644233 -0.962013242738735 -0.962151220281056 -0.000137977542321033
3.42715515109781 -0.959362868729748 -0.959503350479905 -0.000140481750156907
3.43671860775067 -0.95662277585848 -0.956765514837684 -0.000142738979203916
3.4462905183208 -0.953792899459488 -0.953937638189312 -0.000144738729823568
3.45587122963465 -0.950873170181408 -0.951019640496532 -0.000146470315123715
3.46546109367148 -0.94786351381178 -0.948011436662225 -0.000147922850445181
3.47506046781833 -0.944763851091941 -0.944912936334312 -0.000149085242371449
3.48466971513414 -0.941574097521558 -0.941724043698787 -0.000149946177228522
3.49428920462364 -0.938294163152293 -0.93844465726133 -0.000150494109036781
3.50391931152176 -0.934923952370088 -0.935074669616968 -0.000150717246880872
3.51356041758896 -0.931463363665516 -0.931613967207166 -0.000150603541649974
3.52321291141844 -0.927912289391598 -0.928062430063708 -0.000150140672109944
3.53287718875573 -0.924270615508435 -0.924419931538691 -0.000149316030256141
3.54255365283164 -0.920538221313987 -0.920686338019884 -0.000148116705897428
3.55224271470927 -0.916714979160253 -0.916861508630668 -0.000146529470414825
3.56194479364603 -0.912800754154059 -0.912945294913697 -0.000144540759637546
3.57166031747162 -0.908795403841619 -0.908937540497388 -0.000142136655768899
3.58138972298303 -0.904698777875949 -0.904838080744246 -0.000139302868297109
3.5911334563575 -0.900510717666171 -0.900646742379983 -0.000136024713812133
3.6008919735848 -0.896231056007645 -0.896363343102295 -0.000132287094650074
3.61066574091995 -0.891859616691815 -0.891987691168092 -0.000128074476276607
3.62045523535781 -0.887396214094554 -0.887519584957868 -0.000123370863313821
3.63026094513083 -0.8828406527417 -0.882958812515809 -0.000118159774109006
3.64008337023175 -0.878192726850386 -0.878305151064115 -0.000112424213729478
3.64992302296268 -0.873452219844647 -0.873558366489913 -0.000106146645265981
3.65978042851247 -0.868618903843678 -0.868718212802987 -9.93089593093188E-05
3.66965612556433 -0.863692539120979 -0.863784431562434 -9.18924414545774E-05
3.67955066693572 -0.858672873532488 -0.858756751270165 -8.38777376767075E-05
3.68946462025275 -0.853559641911647 -0.853634886729052 -7.52448174049514E-05
3.6993985686617 -0.84835256542918 -0.848418538363285 -6.59729341053739E-05
3.70935311157997 -0.843051350915181 -0.843107391498347 -5.6040583166439E-05
3.71932886548975 -0.837655690140895 -0.837701115597756 -4.54254568615919E-05
3.72932646477705 -0.832165259057378 -0.832199363453516 -3.41043961387122E-05
3.73934656261989 -0.826579716987953 -0.826601770326918 -2.20533389642119E-05
3.74938983192895 -0.820898705771141 -0.820907953036063 -9.24726492146366E-06
3.75945696634493 -0.815121848850421 -0.815117508986154 4.33986426728872E-06
3.76954868129677 -0.809248750306882 -0.809230015138222 1.87351686606885E-05
3.77966571512562 -0.803278993830456 -0.803245026911592 3.39669188632596E-05
3.78980883027957 -0.797212141625018 -0.797162077014938 5.00646100799473E-05
3.79997881458495 -0.791047733242243 -0.790980674200288 6.7059041955253E-05
3.81017648260025 -0.784785284338567 -0.784700301933825 8.49824047419734E-05
3.82040267705956 -0.778424285349122 -0.77832041697671 0.000103868372411831
3.83065827041288 -0.771964200071893 -0.771840447868515 0.000123752203377792
3.84094416647153 -0.765404464154672 -0.765259793305085 0.00014467084958758
3.8512613021677 -0.758744483476676 -0.758577820401852 0.000166663074823825
3.861610649438 -0.751983632415846 -0.751793862832691 0.000189769583154642
3.87199321724205 -0.745121251991941 -0.74490721883336 0.000214033158581262
3.88241005372813 -0.738156647874506 -0.737917149057439 0.000239498817067307
3.89286224855947 -0.731089088243618 -0.730822874271349 0.000266213972269669
3.90335093541591 -0.723917801490051 -0.723623572873584 0.00029422861646633
3.91387729468762 -0.716641973739998 -0.716318378221636 0.000323595518361919
3.92444255637917 -0.709260746187866 -0.708906375748197 0.000354370439668794
3.93504800324459 -0.70177321221877 -0.701386599846149 0.000386612372620609
3.94569492475763 -0.694178414300254 -0.693758066091184 0.000420348209069554
3.95635165916781 -0.686475376557401 -0.686043751348001 0.000431625209400099
3.96699866457247 -0.678687312599567 -0.678258675236807 0.000428637362760553
3.97762412140968 -0.670829386220714 -0.670412702256968 0.000416683963745834
3.98822108921725 -0.662911547733182 -0.662512380175866 0.00039916755731606
3.99878568958284 -0.654940394263452 -0.654562131876578 0.000378262386873662
4.00931595352959 -0.646920375462189 -0.646565022289279 0.000355353172909578
4.01981109402778 -0.638854569139608 -0.638523249547636 0.000331319591971968
4.03027104850734 -0.630745177857407 -0.630438458567665 0.000306719289741797
4.04069619204079 -0.622593845887871 -0.622311940855061 0.000281905032810892
4.05108715807146 -0.61440186111537 -0.614144761660022 0.000257099455347465
4.06144472676112 -0.606170283483291 -0.605937840839193 0.000232442644097275
4.07176975578057 -0.597900026649174 -0.59769200426475 0.000208022384424078
4.08206313770022 -0.589591909877274 -0.58940801651428 0.00018389336299407
4.0923257740238 -0.581246691020053 -0.581086601672092 0.000160089347960968
4.10255855961532 -0.572865087492539 -0.572728456583884 0.000136630908654456
4.11276237359868 -0.564447789626961 -0.564334259322397 0.000113530304564069
4.12293807427339 -0.555995469193568 -0.555904674614383 9.07945791847053E-05
4.13308649650847 -0.547508784855388 -0.547440357339236 6.84275161514369E-05
4.14320845065277 -0.538988385678141 -0.538941954803417 4.64308747240016E-05
4.15330472236164 -0.530434913406089 -0.530410108237039 2.48051690502349E-05
4.16337607296611 -0.521849003954302 -0.52184545379552 3.550158782617E-06
4.17342324015269 -0.513231288402772 -0.513248623245584 -1.73348428121889E-05
4.18344693881066 -0.504582393673182 -0.504620244449241 -3.78507760581126E-05
4.19344786195902 -0.49590294300291 -0.495960941717767 -5.7998714856955E-05
4.2034266817001 -0.487193556288813 -0.487271336081378 -7.77797925646251E-05
4.21338405016815 -0.47845485034683 -0.478552045503581 -9.71951567506624E-05
4.22332060045474 -0.469687439116575 -0.469803685058674 -0.000116245942099025
4.2332369475009 -0.460891933829458 -0.461026867084122 -0.000134933254663849
4.24313368895115 -0.45206894315214 -0.452222201315346 -0.000153258163205605
4.25301140596749 -0.443219073312859 -0.443390295007772 -0.000171221694913071
4.26287066400325 -0.434342928215457 -0.434531753049264 -0.000188824833806889
4.27271201353783 -0.42544110954425 -0.425647178065024 -0.000206068520774372
4.28253599077392 -0.416514216861768 -0.41673717051632 -0.000222953654552049
4.29234311829895 -0.407562847700736 -0.407802328793995 -0.000239481093258886
4.30213390571286 -0.398587597651209 -0.398843249307416 -0.000255651656206668
4.31190885022405 -0.389589060443499 -0.38986052656934 -0.000271466125841446
4.32166843721556 -0.380567828027352 -0.380854753277066 -0.000286925249713632
4.3314131407832 -0.371524490647737 -0.371826520390161 -0.000302029742424326
4.34114342424751 -0.362459636917483 -0.362776417204994 -0.000316780287510532
4.35085974064111 -0.353373853887021 -0.353705031426278 -0.000331177539256711
4.360562533173 -0.344267727111381 -0.344612949235807 -0.000345222124425393
4.37025223567126 -0.335141840714631 -0.335500755358525 -0.000358914643894093
4.37992927300559 -0.325996777451882 -0.326369033126097 -0.00037225567421495
4.38959406149069 -0.31683311876901 -0.317218364538096 -0.000385245769086107
4.39924700927205 -0.307651444860198 -0.308049330320944 -0.00039788546074665
4.4088885166948 -0.29845233472342 -0.298862509984715 -0.000410175261294499
4.41851897665705 -0.289236366213981 -0.289658481877915 -0.000422115663933353
4.42813877494838 -0.280004116096199 -0.280437823240355 -0.000433707144156581
4.43774829057455 -0.270756160093333 -0.271201110254194 -0.000444950160861157
4.44734789606918 -0.261493072935861 -0.261948918093273 -0.000455845157411927
4.45693795779323 -0.252215428408168 -0.252681820970812 -0.000466392562644691
4.46651883622298 -0.24292379939375 -0.24340039218557 -0.000476592791819441
4.47609088622727 -0.233618757919016 -0.234105204166541 -0.000486446247525085
4.48565445733456 -0.22430087519574 -0.224796828516279 -0.000495953320539505
4.49520989399046 -0.214970721662272 -0.215475836052922 -0.000505114390649652
4.50475753580637 -0.205628867023548 -0.206142796850973 -0.000513929827424597
4.51429771779965 -0.19627588028999 -0.196798280280949 -0.000522399990959155
4.52383077062595 -0.186912329815344 -0.187442855047922 -0.000530525232577794
4.53335702080412 -0.177538783333542 -0.178077089229049 -0.000538305895507407
4.54287679093415 -0.168155807994622 -0.16870155031014 -0.000545742315518044
4.55239039990862 -0.158763970399796 -0.159316805221332 -0.000552834821536313
4.56189816311811 -0.149363836635693 -0.149923420371921 -0.000559583736227415
4.57140039265079 -0.139955972307863 -0.14052196168442 -0.000565989376556636
4.58089739748679 -0.130540942573574 -0.131112994627896 -0.000572052054322592
4.59038948368753 -0.121119312173963 -0.121697084250633 -0.000577772076670174
4.59987695458045 -0.111691645465602 -0.112274795212182 -0.0005831497465799
4.60936011093946 -0.102258506451514 -0.102846691814852 -0.000588185363337698
4.6188392511613 -0.0928204588116963 -0.0934133380346848 -0.000592879222988479
4.6283146714383 -0.0833780659332024 -0.0839752975519681 -0.000597231618765723
4.63778666592774 -0.0739318909398253 -0.074533133781337 -0.000601242841511765
4.64725552691796 -0.0644824967214311 -0.0650874099015065 -0.000604913180075398
4.65672154499176 -0.0550304459629885 -0.0556386888846871 -0.00060824292169856
4.66618500918711 -0.0455763011733409 -0.0461875335257312 -0.000611232352390328
4.67564620715551 -0.0361206247137645 -0.0367345064710468 -0.000613881757282247
4.68510542531827 -0.0266639788263589 -0.0272801702473369 -0.000616191420977966
4.6945629490209 -0.0172069256623131 -0.0178250872902002 -0.000618161627887026
4.7040190626859 -0.00775002731009219 -0.00836981997264155 -0.000619792662549357
4.71347404996407 0.00170615417641232 0.00108506936646116 -0.000621084809951157
4.72292819388473 0.0111610567497234 0.0105390183938931 -0.000622038355830303
4.73238177700484 0.0206141183405674 0.0199914647535952 -0.000622653586972204
4.74183508155754 0.030064776829567 0.0294418460380668 -0.00062293079150021
4.75128838959998 0.0395124700187925 0.0388895997596337 -0.000622870259158817
4.76074198316094 0.048956635603128 0.0483341633215391 -0.000622472281588925
4.77019614438832 0.0583967111414075 0.0577749739888106 -0.00062173715259687
4.77965115569669 0.0678321340272734 0.0672114688588524 -0.000620665168421006
4.78910729991515 0.0772623414597138 0.0766430848317237 -0.000619256627990158
4.7985648604358 0.086686770413229 0.0860692585800461 -0.000617511833182927
4.80802412136282 0.0961048576075815 0.0954894265185035 -0.000615431089077995
4.81748536766257 0.10551603947708 0.104903024772873 -0.000613014704206744
4.82694888531488 0.114919752139345 0.114309489148545 -0.00061026299079997
4.83641496146566 0.124315431363515 0.123708255098477 -0.000607176265037937
4.84588388458115 0.133702512537822 0.133098757690527 -0.000603754847295024
4.85535594460408 0.143080430636507 0.142480431574123 -0.000599999062384254
4.86483143311177 0.152448620186001 0.151852710946192 -0.000595909239809039
4.87431064347666 0.16180651523032 0.161215029516312 -0.00059148571400805
4.88379387102938 0.171153549295628 0.170566820471021 -0.000586728824606864
4.89328141322458 0.18048915535388 0.179907516437208 -0.000581638916672317
4.90277356980989 0.189812765785521 0.189236549444554 -0.000576216340967051
4.91227064299825 0.199123812341133 0.19855335088692 -0.000570461454213245
4.92177293764378 0.208421726101999 0.20785735148264 -0.000564374619359459
4.93128076142164 0.217705937439497 0.217147981233645 -0.000557956205851806
4.94079442501213 0.226975875973248 0.226424669383331 -0.000551206589916503
4.95031424228923 0.236230970527955 0.23568684437311 -0.000544126154845309
4.95984053051412 0.245470649088847 0.244933933797552 -0.000536715291295176
4.96937361053386 0.25469433875564 0.254165364358045 -0.000528974397595527
4.97891380698559 0.263901465694943 0.263380561814875 -0.000520903880068146
4.98846144850681 0.273091455091003 0.272578950937645 -0.000512504153358018
4.99801686795184 0.282263731094712 0.281759955453932 -0.000503775640779747
5.00758040261522 0.291417716770754 0.290922997996072 -0.000494718774681879
5.01715239446215 0.300552834042816 0.300067500045994 -0.000485333996821713
5.02673319036672 0.309668503636726 0.309192881877959 -0.000475621758767697
5.0363231423582 0.318764145021428 0.318298562499113 -0.000465582522314933
5.04592260787611 0.327839176347647 0.32738395958772 -0.000455216759927379
5.05553195003439 0.336893014384149 0.336448489428947 -0.000444524955201697
5.06515153789547 0.345925074451422 0.345491566848059 -0.000433507603362304
5.07478174675467 0.354934770352675 0.354512605140895 -0.000422165211780068
5.08442295843574 0.363921514301978 0.363511016001449 -0.000410498300528861
5.09407556159811 0.372884716849392 0.372486209446422 -0.00039850740297015
5.10373995205665 0.381823786802929 0.381437593736548 -0.000386193066381602
5.11341653311475 0.39073813114715 0.390364575294528 -0.00037355585262161
5.12310571591139 0.399627154958221 0.399266558619379 -0.000360596338842278
5.13280791978345 0.40849026131523 0.408142946196983 -0.000347315118246927
5.1425235726437 0.417326851207539 0.416993138406634 -0.000333712800904939
5.15225311137606 0.426136323437956 0.425816533423337 -0.00031979001461907
5.16199698224869 0.434918074521487 0.434612527115627 -0.000305547405860085
5.17175564134648 0.443671498579396 0.443380512938631 -0.000290985640765073
5.18152955502398 0.452395987228327 0.452119881822117 -0.000276105406210592
5.19131920038017 0.461090929464162 0.460830022053194 -0.000260907410968181
5.20112506575646 0.469755711540337 0.46951031915339 -0.000245392386946874
5.21094765125963 0.478389716840257 0.47816015574973 -0.000229561090527242
5.22078746931117 0.486992325743473 0.486778911439467 -0.000213414304006121
5.23064504522493 0.495562915485225 0.495365962648075 -0.000196952837150211
5.24052091781502 0.504100860008953 0.50392068248008 -0.000180177528872671
5.25041564003604 0.512605529811332 0.512442440562281 -0.000163089249050952
5.26032977965781 0.521076291779365 0.520930602878879 -0.000145688900486385
5.27026391997723 0.529512509019025 0.529384531597997 -0.000127977421027548
5.28021866056968 0.537913540674899 0.537803584889026 -0.000109955785873028
5.29019461808301 0.546278741740262 0.546187116730197 -9.16250100649885E-05
5.30019242707713 0.554607462856933 0.554534476705736 -7.29861511965524E-05
5.31021274091259 0.562899050104242 0.562845009791888 -5.40403123533428E-05
5.3202562326918 0.571152844776373 0.571118056131062 -3.47886453114787E-05
5.33032359625691 0.579368183147286 0.579352950793271 -1.52323540152377E-05
5.3404155472487 0.587544396222349 0.587549023523981 4.62730163164338E-06
5.35053282423108 0.595680809475769 0.595705598477404 2.47890016359387E-05
5.36067618988663 0.603776742572779 0.603821993934186 4.52513614069838E-05
5.3708464322886 0.611831509075522 0.611897522002355 6.60129268330589E-05
5.38104436625564 0.619844416131388 0.619931488300286 8.70721688974729E-05
5.39127083479615 0.627814764142556 0.627923191620342 0.000108427477786277
5.40152671064953 0.635741846415273 0.635871923571707 0.000130077156433761
5.41181289793264 0.643624948787362 0.643776968200802 0.000152019413439675
5.42213033390045 0.651463349232235 0.65163760158753 0.000174252355295335
5.43247999083086 0.659256317437577 0.659453091415414 0.000196773977836684
5.44286287804458 0.66700311435667 0.667222696513506 0.000219582156836262
5.45328004407227 0.674702991730109 0.674945666367744 0.000242674637635387
5.46373257898242 0.682355191575482 0.68262124059919 0.000266049023708193
5.47422161688472 0.689958945642298 0.69024864840632 0.000289702764022293
5.48474833862572 0.697513474829195 0.697827107968254 0.000313633139059077
5.49531397469498 0.705017988560131 0.705355825805456 0.000337837245324435
5.50591980836242 0.71247168411593 0.712833996094093 0.000362311978163055
5.51656681728674 0.719873745917129 0.720260548959583 0.000386803042453754
5.52722345392901 0.727223096410789 0.727612059266355 0.000388962855566222
5.53787024945905 0.734496541362373 0.734874265648772 0.000377724286399261
5.54849543060045 0.741679970356899 0.742038682508331 0.000358712151432572
5.55909208598324 0.748764996959319 0.749100431321141 0.000335434361822595
5.56965635535156 0.755746808491668 0.756056868661842 0.000310060170173876
5.58018628097113 0.76262280602877 0.762906724899429 0.000283918870658706
5.59068108270237 0.769391750797137 0.769649566376102 0.000257815578965204
5.60114070213497 0.776053231287009 0.776285460972012 0.000232229685002916
5.61156551679403 0.78260733196687 0.782814770924917 0.000207438958046646
5.62195616151214 0.78905442811024 0.789238025005193 0.000183596894952953
5.63231341718128 0.795395059248129 0.79555584005332 0.000160780805190663
5.6426381417969 0.801629851519005 0.80176887315868 0.000139021639674164
5.65293122800701 0.807759470364209 0.807877792819531 0.000118322455321729
5.66319357724504 0.813784592016501 0.813883261833511 9.86698170102329E-05
5.6734260842184 0.81970588659968 0.819785927415859 8.00408161784061E-05
5.68362962784637 0.825524008380112 0.825586415752465 6.24073723530794E-05
5.69380506619941 0.831239590404935 0.831285329257648 4.5738852712307E-05
5.70395323390749 0.836853241814474 0.836883245466623 3.0003652148558E-05
5.71407494107912 0.842365546769941 0.842380716902173 1.51701322311792E-05
5.72417097313317 0.847777064343046 0.847778271508976 1.20716592955095E-06
5.73424209117098 0.853088328965427 0.853076413406319 -1.19155591076225E-05
5.7442890326577 0.858299851191494 0.85827562380725 -2.42273842441243E-05
5.75431251227039 0.863412118624539 0.86337636201234 -3.57566121996777E-05
5.76431322282514 0.868425596915406 0.86837906642327 -4.65304921360987E-05
5.77429183623064 0.873340730779687 0.873284155544272 -5.65752354156901E-05
5.78424900443654 0.87815794500192 0.87809202895337 -6.59160485496635E-05
5.79418536035846 0.88287764540902 0.882803068233883 -7.45771751371471E-05
5.80410151876985 0.887500219803608 0.887417637861751 -8.25819418577289E-05
5.81399807715554 0.892026038852903 0.891936086047306 -8.99528055969823E-05
5.82387561652538 0.896455456931877 0.896358745531878 -9.67113999986724E-05
5.83373470218767 0.90078881292112 0.900685934340617 -0.000102878580502619
5.84357588448357 0.905026430960817 0.904917956493444 -0.000108474467373498
5.85339969948397 0.909168621162786 0.909055102676285 -0.000113518486501429
5.86320666965056 0.913215680282721 0.913097650874803 -0.000118029407917497
5.87299730446334 0.91716789235489 0.917045866972835 -0.000122025382054858
5.88277210101625 0.921025529291483 0.920900005317637 -0.000125523973845909
5.8925315445831 0.924788851448737 0.924660309253976 -0.000128542194761216
5.90227610915543 0.928458108161855 0.928327011628936 -0.000131096532919095
5.91200625795422 0.932033538250611 0.931900335269227 -0.000133202981384417
5.92172244391703 0.93551537049743 0.935380493432647 -0.000134877064783212
5.93142511016207 0.938903824099575 0.938767690235227 -0.00013613386434852
5.94111469043077 0.942199109097004 0.942062121055498 -0.000136988041506081
5.95079160950999 0.945401426777313 0.945263972917207 -0.000137453860105996
5.96045628363543 0.948510970059097 0.948373424851704 -0.000137545207393508
5.97010912087703 0.951527923854973 0.951390648241165 -0.000137275613808052
5.97975052150787 0.9544524654154 0.954315807143704 -0.000136658271695955
5.98938087835723 0.957284764654375 0.957149058601368 -0.000135706053007167
5.99900057714902 0.960024984457985 0.959890552931933 -0.000134431526052081
6.0086099968263 0.962673280976748 0.962540434005367 -0.000132846971380607
6.01820950986292 0.965229803902593 0.965098839505748 -0.000130964396844457
6.02779948256282 0.967694696731285 0.967565901179386 -0.000128795551898597
6.03738027534793 0.970068097011033 0.969941745069839 -0.000126351941194036
6.04695224303532 0.972350136577977 0.972226491740467 -0.000123644837509818
6.05651573510414 0.974540941779199 0.974420256485131 -0.000120685294068612
6.06607109595312 0.976640633683862 0.976523149527584 -0.000117484156278769
6.07561866514904 0.978649328283031 0.978535276210092 -0.000114052072939796
6.08515877766691 0.980567136678709 0.98045673717176 -0.000110399506948911
6.09469176412217 0.982394165262566 0.982287628517023 -0.000106536745542285
6.10421795099555 0.984130515884825 0.984028041974724 -0.000102473910100986
6.11373766085096 0.98577628601372 0.985678065048166 -9.82209655532307E-05
6.12325121254687 0.98733156888592 0.987237781156521 -9.3787729399053E-05
6.13275892144164 0.988796453648304 0.98870726976792 -8.91838803843692E-05
6.14226109959312 0.990171025491401 0.990086606524553 -8.44189668481876E-05
6.15175805595289 0.991455365774839 0.991375863360073 -7.95024147660639E-05
6.16125009655562 0.992649552145089 0.992575108609577 -7.44435355113371E-05
6.17073752470371 0.993753658645772 0.993684407112417 -6.92515333554633E-05
6.1802206411477 0.994767755820803 0.994703820308077 -6.39355127254326E-05
6.18969974426263 0.995691910810585 0.995633406325348 -5.8504485237032E-05
6.19917513022077 0.996526187441493 0.99647322006497 -5.29673765229388E-05
6.20864709316085 0.997270646308838 0.997223313275969 -4.7333032868857E-05
6.21811592535429 0.997925344853495 0.997883734625817 -4.16102276775687E-05
6.22758191736847 0.998490337432377 0.998454529764605 -3.58076677720032E-05
6.23704535822744 0.998965675382895 0.99893574138334 -2.99339995551984E-05
6.24650653557027 0.999351407081563 0.999327409266524 -2.3997815038812E-05
6.25596573580731 0.999647577996857 0.999629570339103 -1.8007657754282E-05
6.26542324427458 0.999854230736466 0.999842258707906 -1.19720285599589E-05
6.27487934538648 0.999971405089013 0.999965505697657 -5.89939135609008E-06
6.28433432278719 0.99999913806036 0.999999339881639 2.01821279688374E-07
6.29378845950076 0.999937463904558 0.999943787107083 6.32320252524909E-06
6.30324203808036 0.999786414149525 0.999798870515327 1.24563658020493E-05
6.31269534075666 0.999546017617494 0.999564610556803 1.8592939309281E-05
6.32214864958579 0.999216300440288 0.999241025000879 2.47245605912161E-05
6.33160224659689 0.998797286069453 0.998828128940579 3.08428711267572E-05
6.34105641393959 0.998288995281267 0.998325934792199 3.69395109310888E-05
6.35051143403162 0.997691446176659 0.997734452289817 4.30061131582171E-05
6.35996758970662 0.997004654176008 0.997053688474701 4.90342986927406E-05
6.36942516436263 0.996228632008852 0.996283647679573 5.50156707209704E-05
6.37888444211118 0.995363389698459 0.995424331507729 6.09418092700764E-05
6.38834570792744 0.994408934541255 0.994475738806958 6.68042657030465E-05
6.39780924780142 0.993365271081052 0.993437865638213 7.25945571606879E-05
6.4072753488907 0.992232401078038 0.992310705238975 7.83041609365709E-05
6.41674429967468 0.99101032347247 0.991094247981245 8.39245087750351E-05
6.42621639011065 0.989699034342983 0.989788481324062 8.94469810789333E-05
6.43569191179207 0.988298526859457 0.988393389760475 9.48629010173452E-05
6.44517115810903 0.986808791230327 0.986908954758843 0.000100163528516606
6.45465442441133 0.98522981464423 0.985335154698356 0.000105340054125769
6.4641420081744 0.983561581205894 0.983671964798635 0.000110383592741292
6.47363420916827 0.981804071866102 0.981919357043276 0.000115285177174629
6.48313132962988 0.979957264345613 0.980077300097166 0.000120035751553282
6.49263367443905 0.978021133052871 0.978145759217406 0.000124626164534791
6.50214155129838 0.975995648995325 0.976124696157647 0.000129047162321982
6.51165527091733 0.973880779684177 0.974014069065636 0.000133289381458734
6.52117514720088 0.971676489032354 0.971813832373748 0.000137343341393259
6.53070149744303 0.969382737245474 0.96952393668226 0.000141199436785699
6.54023464252555 0.966999480705572 0.967144328635117 0.000144847929545167
6.5497749071223 0.964526671847336 0.964674950787907 0.000148278940571234
6.55932261990945 0.961964259026556 0.962115741467738 0.000151482441181683
6.56887811378211 0.95931218638051 0.959466634624712 0.000154448244201744
6.57844172607772 0.956570393679946 0.956727559674636 0.000157165994689734
6.58801379880662 0.953738816172331 0.953898441332606 0.000159625160275567
6.59759467889028 0.95081738441599 0.950979199437071 0.000161815021080813
6.60718471840778 0.94780602410474 0.947969748763935 0.000163724659194453
6.61678427485083 0.944704655882602 0.944869998830272 0.000165342947669789
6.62639371138815 0.94151319514812 0.941679853687131 0.000166658539010878
6.63601339713954 0.938231551847825 0.938399211700937 0.000167659853111957
6.64564370746047 0.934859630258296 0.935027965322906 0.000168335064610448
6.65528502423766 0.93139732875628 0.931566000845892 0.000168672089612465
6.66493773619646 0.927844539576265 0.928013198148012 0.000168658571747748
6.67460223922075 0.924201148554857 0.924369430422362 0.000168281867504949
6.68427893668611 0.920467034861291 0.920634563892087 0.000167529030795643
6.69396823980712 0.916642070713326 0.916808457510019 0.000166386796693785
6.70367056799967 0.912726121077731 0.91289096264202 0.000164841564288531
6.71338634925925 0.908719043354536 0.908881922733126 0.000162879378589276
6.72311602055627 0.90462068704411 0.904781172955519 0.000160485911408381
6.73286002824939 0.90043089339611 0.900588539837265 0.00015764644115468
6.74261882851817 0.896149495039243 0.89630384087069 0.000154345831447467
6.7523928878162 0.891776315590716 0.891926884099187 0.000150568508471283
6.76218268334607 0.88731116924416 0.887457467681129 0.000146298436968562
6.77198870355766 0.882753860334725 0.8828953794295 0.000141519094775444
6.78181144867123 0.878104182879931 0.878240396325709 0.000136213445777855
6.79165143122708 0.873361920094784 0.873492284005961 0.000130363911177156
6.80150917666345 0.868526843879489 0.868650796218409 0.000123952338920597
6.81138522392476 0.863598714278032 0.863715674249193 0.00011695997116179
6.82128012610207 0.858577278905705 0.858686646315292 0.000109367409587224
6.83119445110823 0.853462272343526 0.853563426921961 0.000101154578434959
6.84112878239005 0.848253415497331 0.848345716182352 9.23006850207519E-05
6.85108371968011 0.842950414919115 0.843033199096677 8.2784177561801E-05
6.86105987979118 0.837552962088033 0.837625544788105 7.25827000720436E-05
6.8710578974562 0.83206073264821 0.832122405692289 6.16730440788915E-05
6.8810784262174 0.826473385600296 0.826523416697185 5.00310968888362E-05
6.89112213936802 0.820790562443418 0.820828194229518 3.76317861008335E-05
6.90118973095071 0.815011886263906 0.815036335283942 2.44490200357328E-05
6.91128191681705 0.809136960766822 0.809147416390539 1.04556237171538E-05
6.9213994357527 0.80316536924598 0.803160992515976 -4.37673000364125E-06
6.93154305067361 0.79709667348776 0.79707659589314 -2.00775946200826E-05
6.94171354989876 0.790930412603549 0.790893734773611 -3.66778299382142E-05
6.95191174850577 0.784666101785202 0.784611892096814 -5.4209688387874E-05
6.96213848977605 0.778303230977337 0.778230524069052 -7.27069082855358E-05
6.97239464673702 0.771841263459727 0.771749058645 -9.22048147271592E-05
6.98268112380966 0.765279634332336 0.765166893903471 -0.000112740428864888
6.99299885857022 0.758617748894863 0.758483396308452 -0.000134352586410924
7.00334882363627 0.751854980911784 0.751697898845473 -0.000157082066310377
7.01373202868793 0.744990670752997 0.744809699022362 -0.000180971730635249
7.02414952263648 0.738024123399118 0.737818056722236 -0.000206066676882277
7.03460239595374 0.730954606299319 0.730722191895316 -0.000232414404003567
7.04509178317731 0.723781347068315 0.72352128207465 -0.00026006499366571
7.05561886560796 0.716503531007618 0.716214459699199 -0.000289071308418931
7.06618487421801 0.709120298434521 0.708800809225833 -0.000319489208688073
7.07679109279088 0.701630741800434 0.701279364009699 -0.00035137779073513
7.08743818876611 0.694033902578019 0.693649587375665 -0.000384315202354713
7.09809472823782 0.686329257061435 0.685934307257645 -0.000394949803789957
7.10874131507237 0.678539869363802 0.678148446394162 -0.000391422969640676
7.11936622203851 0.670680806010724 0.670301806799054 -0.000378999211670727
7.12996256670664 0.662761954564393 0.662400896154031 -0.00036105841036238
7.14052650688226 0.654789871881789 0.654450111711259 -0.000339760170530057
7.15105609601473 0.646768981851523 0.646452502043701 -0.000316479807822567
7.1615505608185 0.638702345829648 0.638410254855234 -0.000292090974413739
7.17200984702126 0.630592155873382 0.630325008411413 -0.000267147461969208
7.18243433458792 0.62244004954451 0.6221980499733 -0.000241999571209961
7.19282465973319 0.614247310432536 0.614030442076377 -0.000216868356158417
7.20318160407554 0.606014995722641 0.605823102834885 -0.00019189288775634
7.21350602593351 0.597744017291259 0.597576856996388 -0.000167160294870849
7.22379881803246 0.589435193242867 0.589292468406456 -0.000142724836410646
7.23406088173602 0.581089280665469 0.580970660667008 -0.000118619998461522
7.24429311159594 0.572706996461458 0.572612130300267 -9.48661611904766E-05
7.25449638632806 0.564289030611184 0.564217555156882 -7.14754543013063E-05
7.26467156377513 0.555836054635981 0.555787599806395 -4.845482958582E-05
7.27481947832944 0.547348727016262 0.54732291901273 -2.58080035321351E-05
7.28494093986051 0.538827696678155 0.538824159993939 -3.53668421537723E-06
7.29503673355208 0.53027360525456 0.530291963909463 1.83586549026282E-05
7.30510762027705 0.521687088568024 0.521726966855862 3.98782878383575E-05
7.31515433728051 0.513068777618848 0.513129800549048 6.10229302001608E-05
7.32517759902847 0.504419299258039 0.504501092805854 8.17935478146792E-05
7.33517809813524 0.495739276658839 0.495841467896471 0.000102191237632554
7.34515650631695 0.487029329658924 0.487151546813125 0.000122217154200965
7.35511347533968 0.478290075018964 0.478431947483778 0.00014187246481373
7.36504963794413 0.469522126626523 0.469683284949196 0.000161158322673327
7.37496560873705 0.460726095663712 0.460906171515038 0.000180075851325956
7.3848619850445 0.45190259075032 0.452101216886443 0.000198626136123647
7.39473934772501 0.443052218069901 0.443269028289936 0.000216810220035446
7.40459826194267 0.434175581483631 0.434410210585752 0.000234629102120576
7.41443927790119 0.42527328263504 0.425525366372656 0.000252083737615427
7.42426293154034 0.41634592104764 0.416615096086605 0.000269175038964786
7.43406974519682 0.407394094216815 0.4076799980942 0.000285903877385418
7.44386022823133 0.39841839769687 0.398720668781586 0.000302271084715533
7.453634877624 0.389419425183894 0.389737702639276 0.000318277455381988
7.46339417854001 0.380397768594866 0.380731692343264 0.000333923748397358
7.47313860486721 0.371354018143382 0.371703228832711 0.000349210689329083
7.48286861972757 0.362288762412242 0.362652901384453 0.000364138972211325
7.49258467596412 0.353202588423131 0.353581297684505 0.000378709261374288
7.50228721660481 0.344096081703574 0.344489003896769 0.000392922193194645
7.51197667530483 0.334969826351323 0.335376604729077 0.000406778377753991
7.52165347676875 0.325824405096322 0.326244683496735 0.00042027840041281
7.53131803715362 0.316660399360383 0.317093822183685 0.000433422823302221
7.54097076445433 0.307478389314688 0.307924601501419 0.000446212186731798
7.55061205887225 0.29827895393524 0.298737600945764 0.000458647010523283
7.56024231316825 0.289062671056364 0.289533398851637 0.000470727795272963
7.5698619130009 0.279830117422352 0.280312572445899 0.00048245502354749
7.57947123725095 0.270581868737367 0.271075697898379 0.000493829161012427
7.58907065833278 0.261318499713681 0.261823350371189 0.000504850657507772
7.59866054249363 0.252040584118341 0.252556104066402 0.000515519948061205
7.6082412501014 0.242748694818344 0.243274532272198 0.000525837453853872
7.61781313592166 0.23344340382441 0.233979207407547 0.000535803583136735
7.62737654938456 0.224125282333417 0.224670701065516 0.000545418732098679
7.63693183484215 0.214794900769578 0.215349584055272 0.000554683285693663
7.6464793318169 0.20545282882444 0.206016426442868 0.000563597618427669
7.65601937524167 0.196099635495756 0.196671797590863 0.00057216209510727
7.66555229569193 0.186735889125309 0.187316266196862 0.00058037707155309
7.67507841961051 0.177362157435751 0.177950400331029 0.000588242895277841
7.68459806952543 0.167979007566512 0.168574767472648 0.000595759906135529
7.69411156426124 0.158587006108845 0.159189934545787 0.000602928436941264
7.70361921914429 0.149186719140063 0.149796467954124 0.00060974881406145
7.71312134620224 0.139778712257019 0.140394933614995 0.000616221357976621
7.72261825435832 0.130363550608898 0.130985896992722 0.000622346383824218
7.73211024962058 0.120941798929357 0.121569923131272 0.000628124201915076
7.74159763526653 0.111514021568075 0.112147576686302 0.000633555118227616
7.75108071202349 0.10208078252176 0.102719421956644 0.000638639434883889
7.76055977824492 0.092642645464667 0.0932860229152693 0.00064337745060225
7.77003513008311 0.0832001737786706 0.0838479432398073 0.000647769461136719
7.7795070616584 0.0737539305829397 0.0744057463426374 0.000651815759697749
7.78897586522537 0.0643044787632661 0.0649599954006204 0.000655516637354372
7.79844183133607 0.0548523810010888 0.0555112533845107 0.000658872383421986
7.80790524900071 0.0453981998022611 0.0460600830881014 0.000661883285840326
7.81736640584603 0.0359424975256057 0.0366070471571374 0.000664549631531744
7.82682558827148 0.026485836411302 0.0271527081180529 0.000666871706750963
7.83628308160363 0.0170287786091504 0.0176976284065736 0.000668849797423206
7.84573917024887 0.00757188620675808 0.00824237039622801 0.000670484189469928
7.85519413784477 -0.00188427874231133 -0.00121250357318762 0.000671775169123717
7.86464826741019 -0.0113391541903779 -0.0106664311671412 0.000672723023236663
7.87410184149449 -0.0207921780674329 -0.0201188500278561 0.000673328039576791
7.88355514232594 -0.0302427882528294 -0.0295691977457083 0.000673590507121062
7.89300845195966 -0.0396904225468309 -0.0390169118304966 0.00067351071633432
7.90246205242514 -0.0491345186419734 -0.0484614296825249 0.000673088959448453
7.91191622587378 -0.0585745140941964 -0.0579021885634662 0.000672325530730183
7.92137125472643 -0.0680098462936963 -0.0673386255669497 0.000671220726746594
7.93082742182127 -0.077439952435457 -0.0767701775888317 0.000669774846625337
7.94028501056227 -0.0868642694894088 -0.0861962812971 0.000667988192308885
7.9497443050683 -0.0962822341701706 -0.0956163731013627 0.00066586106880788
7.95920559032325 -0.105693282906324 -0.105029889121874 0.000663393784450017
7.96866915232734 -0.115096851809169 -0.114436265158043 0.000660586651126921
7.97813527824975 -0.12449237664092 -0.123834936656382 0.00065743998453846
7.98760425658294 -0.133879292782267 -0.133225338677828 0.00065395410443933
7.99707637729878 -0.143257035199281 -0.1426069058644 0.000650129334881511
8.00655193200675 -0.152625038409576 -0.151979072405118 0.000645966004458293
8.0160312141145 -0.161982736447696 -0.161341272001145 0.000641464446551304
8.02551451899096 -0.171329562829652 -0.170692937830075 0.000636624999577062
8.03500214413223 -0.180664950516559 -0.180033502509321 0.000631448007237939
8.04449438933062 -0.189988331877303 -0.189362398058532 0.000625933818771296
8.05399155684698 -0.19929913865018 -0.198679055860968 0.000620082789212467
8.06349395158673 -0.208596801903434 -0.207982906623779 0.000613895279655136
8.07300188127976 -0.217880751994623 -0.217273380337106 0.000607371657517286
8.08251565666457 -0.227150418528753 -0.226549906231936 0.000600512296817457
8.09203559167697 -0.236405230315084 -0.235811912736624 0.000593317578460512
8.10156200364365 -0.24564461532255 -0.245058827432026 0.000585787890524242
8.11109521348097 -0.25486800063369 -0.254290077005123 0.000577923628566845
8.12063554589926 -0.264074812397026 -0.263505087201091 0.00056972519593429
8.13018332961324 -0.273264475777774 -0.272703282773684 0.000561193004090188
8.1397388975586 -0.282436414906816 -0.281884087433864 0.000552327472951752
8.14930258711548 -0.291590052827817 -0.291046923796574 0.000543129031243539
8.15887474033913 -0.30072481144239 -0.300191213325518 0.000533598116872869
8.16845570419823 -0.309840111453203 -0.309316376275888 0.000523735177315243
8.17804583082138 -0.318935372304901 -0.318421831634878 0.000513540670023016
8.18764547775228 -0.32801001212274 -0.32750699705988 0.000503015062860268
8.19725500821413 -0.337063447648787 -0.336571288814231 0.000492158834556333
8.20687479138388 -0.346095094175563 -0.345614121700376 0.000480972475186747
8.21650520267683 -0.355104365476981 -0.354634908990296 0.00046945648668445
8.22614662404237 -0.364090673736434 -0.36363306235305 0.000457611383383627
8.23579944427148 -0.37305342947187 -0.372607991779279 0.0004454376925912
8.24546405931672 -0.381992041457685 -0.381559105502483 0.000432935955201941
8.25514087262553 -0.39090591664326 -0.390485809916906 0.000420106726353175
8.26483029548771 -0.399794460067946 -0.399387509491829 0.000406950576117171
8.2745327473978 -0.408657074772311 -0.408263606682061 0.00039346809024976
8.28424865643363 -0.417493161705413 -0.41711350183443 0.000379659870982929
8.29397845965167 -0.426302119627893 -0.425936593090009 0.000365526537883687
8.30372260350067 -0.435083345010639 -0.434732276281878 0.000351068728761283
8.31348154425441 -0.443836231928761 -0.443499944828106 0.000336287100654586
8.32325574846504 -0.452560171950606 -0.452238989619723 0.00032118233088263
8.33304569343831 -0.461254554021526 -0.460948798903345 0.000305755118180928
8.34285186773201 -0.469918764342081 -0.469628758158163 0.000290006183917391
8.35267477167938 -0.478552186240338 -0.478278249966925 0.000273936273412878
8.36251491793895 -0.487154200037932 -0.486896653880579 0.000257546157353239
8.37237283207281 -0.495724182909475 -0.495483346276155 0.000240836633319697
8.38224905315501 -0.504261508734934 -0.504037700207491 0.000223808527443969
8.39214413441247 -0.512765547944523 -0.512559085248334 0.000206462696188958
8.40205864390039 -0.521235667355634 -0.521046867327347 0.000188800028286806
8.41199316521479 -0.52967123000132 -0.529500408554493 0.00017082144682723
8.42194829824472 -0.538071594949769 -0.537919067038244 0.000152527911525202
8.43192465996706 -0.546436117114182 -0.546302196692999 0.000133920421183653
8.44192288528702 -0.554764147052436 -0.554649147036073 0.000115000016362443
8.45194362792764 -0.56305503075584 -0.56295926297356 9.57677822798209E-05
8.46198756137208 -0.571308109426249 -0.57123188457428 7.62248519683428E-05
8.47205537986259 -0.579522719240744 -0.579466346831032 5.63724097122353E-05
8.48214779946054 -0.587698191103012 -0.587661979408223 3.62116947889568E-05
8.49226555917231 -0.595833850380486 -0.595818106374934 1.5744005551932E-05
8.50240942214613 -0.603929016626254 -0.603934045922369 -5.02929611512215E-06
8.5125801769456 -0.611983003284605 -0.612009110064531 -2.61067799263159E-05
8.52277863890608 -0.619995117379041 -0.620042604320913 -4.74869418713997E-05
8.53300565158071 -0.627964659181441 -0.628033827379827 -6.91681983858716E-05
8.54326208828365 -0.635890921860949 -0.635982070740908 -9.11488799589799E-05
8.55354885373854 -0.643773191111052 -0.643886618335176 -0.000113427224123774
8.56386688584145 -0.651610744753142 -0.6517467461209 -0.00013600136775771
8.57421715754805 -0.659402852314697 -0.659561721653312 -0.000158869338614864
8.58460067889624 -0.667148774580069 -0.667330803626068 -0.000182029045999177
8.59501849917612 -0.674847763111628 -0.675053241382121 -0.000205478270493331
8.60547170926106 -0.682499059738804 -0.682728274391416 -0.000229214652612053
8.61596144411453 -0.690101896012341 -0.69035513169261 -0.000253235680269026
8.62648888548953 -0.69765549262076 -0.697933031295664 -0.000277538674904099
8.63705526483887 -0.705159058765749 -0.705461179541859 -0.000302120776110137
8.64766186645715 -0.712611791492823 -0.712938770417399 -0.000326978924576116
8.6583090491302 -0.720012874973225 -0.720364303880964 -0.000351428907739315
8.66896549201765 -0.727360805963749 -0.727714527246743 -0.000353721282993269
8.67961187131369 -0.734632562341648 -0.734975288273926 -0.000342725932278132
8.69023650559651 -0.741814142600708 -0.742138169673002 -0.000324027072293842
8.70083254122784 -0.748897228484469 -0.74919833529767 -0.000301106813200946
8.71139615398128 -0.755877049619947 -0.756153167777631 -0.000276118157683913
8.72192540843197 -0.762751033102488 -0.763001413327854 -0.000250380225366054
8.732419538113 -0.769517955994735 -0.769742647781721 -0.000224691786986364
8.74287849286871 -0.776177416284124 -0.776376944571522 -0.000199528287397888
8.75330265509131 -0.782729504007379 -0.782904669056215 -0.000175165048835746
8.76369266237057 -0.789174597581683 -0.789326351635204 -0.000151754053521636
8.77404929704788 -0.795513238193513 -0.79564260986881 -0.000129371675296475
8.78437341776327 -0.801746052730066 -0.801854101018293 -0.000108048288226859
8.79466591731924 -0.807873706834929 -0.807961493429096 -8.77865941666389E-05
8.80492769701007 -0.813896876619271 -0.813965449558895 -6.85729396243673E-05
8.81515965123281 -0.819816231898636 -0.819866616180218 -5.03842815825495E-05
8.82536265850105 -0.825632426528607 -0.825665618984932 -3.31924563253816E-05
8.8355375764311 -0.831346093094312 -0.831363059873094 -1.69667787827121E-05
8.8456852391789 -0.836957840253806 -0.836959515863915 -1.67561010844253E-06
8.85580645637635 -0.842468251684221 -0.842455538973183 1.27127110379766E-05
8.86590201297331 -0.847877885982087 -0.847851656653606 2.62293284815085E-05
8.87597266961558 -0.853187277118765 -0.853148372550643 3.89045681216116E-05
8.88601916332938 -0.858396935206398 -0.858346167423038 5.07677833602171E-05
8.89604220837082 -0.863507347425392 -0.863445500136906 6.18472884854615E-05
8.90604249715358 -0.868518979023422 -0.868446808679064 7.21703443581356E-05
8.91602070120229 -0.873432274332364 -0.873350511157848 8.17631745162473E-05
8.92597747210046 -0.878247657771881 -0.878157006773575 9.06509983057413E-05
8.93591344241481 -0.882965534822068 -0.882866676749165 9.88580729032185E-05
8.94582922658636 -0.887586292955919 -0.88747988521658 0.000106407739339565
8.95572542178324 -0.89211030252732 -0.891996980057702 0.000113322469618149
8.9656026087135 -0.896537917613332 -0.896418293700089 0.000119623913243605
8.97546135239783 -0.900869476811197 -0.900744143868969 0.000125332942227607
8.98530220290322 -0.905105303991502 -0.904974834297423 0.000130469694078927
8.99512569603906 -0.909245709009445 -0.909110655396883 0.000135053612562386
9.00493235401771 -0.913290988376351 -0.913151884890173 0.000139103486178627
9.01472268608127 -0.917241425893683 -0.917098788409298 0.000142637484384589
9.02449718909667 -0.921097293251747 -0.92095162006009 0.000145673191656925
9.03425634812104 -0.924858850595211 -0.924710622955714 0.000148227639497511
9.04400063693911 -0.928526347057461 -0.92837602972095 0.000150317336510275
9.0537305185744 -0.932100021265669 -0.931948062968996 0.000151958296673249
9.06344644577592 -0.935580101818373 -0.935426935752447 0.000153166065925636
9.07314886148184 -0.938966807737197 -0.938812851990009 0.000153955747188239
9.08283819926162 -0.942260348894261 -0.942106006870335 0.000154342023926501
9.09251488373794 -0.945460926416709 -0.945306587234348 0.000154339182361407
9.10217933098968 -0.948568733069679 -0.948414771937258 0.000153961132420943
9.11183194893704 -0.951583953618954 -0.951430732191433 0.000153221427520833
9.12147313771012 -0.954506765174431 -0.954354631891171 0.000152133283259803
9.13110329000172 -0.957337337515488 -0.957186627920387 0.00015070959510155
9.14072279140545 -0.960075833399226 -0.959926870444108 0.000148962955118015
9.15033202074008 -0.96272240885251 -0.962575503184656 0.000146905667854136
9.15993135036086 -0.965277213448671 -0.965132663683293 0.000144549765377588
9.16952114645863 -0.967740390569665 -0.967598483548094 0.000141907021570908
9.17910176934755 -0.97011207765443 -0.969973088688718 0.000138988965712072
9.18867357374199 -0.97239240643413 -0.972256599538732 0.00013580689539805
9.19823690902335 -0.97458150315494 -0.974449131266089 0.000132371888850957
9.20779211949729 -0.976679488788967 -0.976550793972316 0.000128694816651231
9.21733954464217 -0.978686479233866 -0.97856169288093 0.000124786352936668
9.22687951934897 -0.980602585501676 -0.980481928515573 0.000120656986102308
9.23641237415339 -0.982427913897361 -0.982311596868327 0.000116317029033586
9.24593843546057 -0.984162566187516 -0.984050789558607 0.000111776628908489
9.25545802576286 -0.98580663975965 -0.985699593983058 0.000107045776591708
9.26497146385108 -0.987360227772448 -0.987258093456791 0.000102134315657643
9.27447906501971 -0.988823419297384 -0.988726367346327 9.70519510570256E-05
9.28398114126643 -0.990196299452007 -0.990104491194545 9.18082574616896E-05
9.29347800148626 -0.991478949525249 -0.991392536837945 8.64126873034721E-05
9.30296995166077 -0.992671447095017 -0.992590572516485 8.08745785326748E-05
9.31245729504275 -0.993773866138376 -0.993698662976262 7.52031621146232E-05
9.3219403323364 -0.994786277134549 -0.994716869565264 6.94075692850848E-05
9.33141936187375 -0.995708747160988 -0.995645250322407 6.34968385808676E-05
9.34089467978722 -0.996541339982737 -0.996483860060073 5.74799226648048E-05
9.35036658017887 -0.99728411613527 -0.997232750440308 5.13656949621133E-05
9.35983535528653 -0.997937133001007 -0.997891970044887 4.51629561204481E-05
9.369301295647 -0.998500444879668 -0.998461564439354 3.88804403137488E-05
9.37876469025676 -0.998974103052628 -0.998941576231228 3.25268213997587E-05
9.38822582673027 -0.999358155841409 -0.999332045122461 2.61107189478693E-05
9.39768499145617 -0.999652648660438 -0.999633007956287 1.96407041506141E-05
9.40714246975163 -0.999857624064184 -0.999844498758555 1.31253056292469E-05
9.41659854601509 -0.999973121788787 -0.999966548773638 6.57301514905839E-06
9.42605350387754 -0.999999178788255 -0.999999186495 -7.70674468686394E-09
9.43550762635271 -0.99993582926532 -0.99994243769048 -6.60842515998183E-06
9.44496119598617 -0.999783104697011 -0.999796325422356 -1.32207253454864E-05
9.45441449500383 -0.999541033855009 -0.999560870062233 -1.98362072235669E-05
9.46386780545978 -0.999209642820827 -0.999236089300784 -2.64464799573094E-05
9.47332140938391 -0.998788954995839 -0.998821998152377 -3.30431565381817E-05
9.48277558892937 -0.998278991106206 -0.998318608954593 -3.96178483872411E-05
9.49223062652014 -0.997679769202684 -0.997725931362639 -4.6162159955454E-05
9.50168680499893 -0.996991304655341 -0.997043972338655 -5.26676833136897E-05
9.51114440777561 -0.996213610143162 -0.996272736135884 -5.91259927221754E-05
9.52060371897637 -0.995346695638527 -0.995412224277694 -6.55286391669785E-05
9.53006502359381 -0.994390568386541 -0.994462435531394 -7.18671448530772E-05
9.53952860763829 -0.993345232879164 -0.993423365876807 -7.81329976430323E-05
9.54899475829055 -0.992210690824105 -0.992295008469534 -8.4317645429155E-05
9.55846376405609 -0.990986941108409 -0.991077353598837 -9.04124904284043E-05
9.56793591492124 -0.989673979756672 -0.989770388640059 -9.64088833870225E-05
9.57741150251149 -0.988271799883801 -0.988374098001484 -0.000102298117683586
9.58689082025196 -0.986780391642215 -0.986888463065532 -0.000108071423317146
9.59637416353061 -0.985199742163396 -0.985313462124163 -0.000113719960767367
9.60586182986413 -0.983529835493657 -0.983649070308372 -0.000119234814715541
9.615354119067 -0.981770652523999 -0.981895259511606 -0.000124606987606302
9.6248513334239 -0.979922170913921 -0.980051998306965 -0.000129827393044457
9.63435377786572 -0.977984365009002 -0.978119251858005 -0.000134886849002869
9.64386176014951 -0.975957205752107 -0.976096981822938 -0.000139776070830933
9.6533755910427 -0.97384066058801 -0.973985146252056 -0.00014448566404579
9.66289558451179 -0.97163469336123 -0.971783699478117 -0.000149006116887618
9.672422057916 -0.969339264206869 -0.96949259199949 -0.000153327792620561
9.68195533220609 -0.966954329434203 -0.967111770355764 -0.00015744092156178
9.69149573212876 -0.964479841402766 -0.964641176995581 -0.000161335592815059
9.70104358643706 -0.96191574839066 -0.96208075013635 -0.00016500174569023
9.71059922810708 -0.95926199445478 -0.959430423615562 -0.000168429160782635
9.72016299456147 -0.956518519282638 -0.956690126733328 -0.000171607450690225
9.7297352279002 -0.953685258035446 -0.953859784085786 -0.000174526050339963
9.7393162751389 -0.95076214118208 -0.950939315388979 -0.000177174206899555
9.74890648845549 -0.94774909432353 -0.947928635292769 -0.000179540969238445
9.75850622544541 -0.944646038007423 -0.944827653184339 -0.00018161517691595
9.76811584938612 -0.941452887532148 -0.9416362729808 -0.00018338544865204
9.7777357295114 -0.9381695527401 -0.938354392910353 -0.000184840170252887
9.78736624129614 -0.934795937799536 -0.934981905281487 -0.000185967481950766
9.79700776675211 -0.931331940974457 -0.931518696239569 -0.000186755265112248
9.8066606947356 -0.927777454381939 -0.927964645510217 -0.000187191128277475
