-----------------------------------------
Jacobi diagonalization with cyclic sweeps
-----------------------------------------
Random real symmetric matrix A:
         0          7          6          5          9 
         7          6          1          5          6 
         6          1          1          5          8 
         5          5          5          2          3 
         9          6          8          3          6 

Eigenvalues of A:
     -7.46      -7.01      0.222       3.52       25.7 

Eigenvectors of A (matrix V):
     0.871     -0.285     -0.287    -0.0732     -0.269 
    -0.116     -0.292     -0.667      0.421      0.528 
    0.0594      0.195     -0.244     -0.824       0.47 
   -0.0102      0.773     -0.516      0.142      -0.34 
     0.473      0.445      0.383      0.345      0.559 

V*A*V^T:
     -7.46  -2.62e-14   4.44e-16   9.99e-16   2.08e-10 
  -2.6e-14      -7.01  -1.78e-15   2.16e-10   1.93e-13 
   3.4e-16  -2.09e-15      0.222  -5.24e-13  -1.85e-15 
  9.44e-16   2.16e-10  -5.24e-13       3.52  -6.66e-16 
  2.08e-10   1.93e-13  -8.88e-16  -8.88e-16       25.7 

Matrix D:
     -7.46          0          0          0          0 
         0      -7.01          0          0          0 
         0          0      0.222          0          0 
         0          0          0       3.52          0 
         0          0          0          0       25.7 

-----------------------------------------
Quantum particle in a box
-----------------------------------------
Eigenvalues of the Hamiltonian (k, calculated, exact, error):
0      9.85121629023148      9.86960440108936      0.0183881108578809
1      39.1847980490616      39.4784176043574      0.293619555295805
2      87.3454511043953      88.8264396098042      1.48098850540896
3      153.257391273985      157.91367041743      4.65627914344483
4      235.448248907834      246.740110027234      11.2918611193998
5      332.081994480176      355.305758439217      23.2237639590409
