0.8 0.3
0.81 0.3
0.82 0.296666666666667
0.83 0.383333333333333
0.84 0.383333333333333
0.85 0.313333333333333
0.86 0.463333333333333
0.87 0.463333333333333
0.88 0.51
0.89 0.563333333333333
0.9 0.536666666666667
0.91 0.65
0.92 0.6
0.93 0.653333333333333
0.94 0.79
0.95 0.803333333333333
0.96 0.866666666666667
0.97 0.896666666666667
0.98 0.953333333333333
0.99 0.97
1 0.996666666666667
1.01 0.993333333333333
1.02 0.976666666666667
1.03 0.903333333333333
1.04 0.88
1.05 0.84
1.06 0.823333333333333
1.07 0.736666666666667
1.08 0.696666666666667
1.09 0.72
1.1 0.59
1.11 0.546666666666667
1.12 0.613333333333333
1.13 0.53
1.14 0.52
1.15 0.483333333333333
1.16 0.46
1.17 0.453333333333333
1.18 0.436666666666667
1.19 0.383333333333333
1.2 0.386666666666667
