--------------------------------
1: QR decomposition
--------------------------------
Random tall matrix A:
      4.12       3.29      0.768 
     0.813       9.39       7.16 
      7.15       8.47       1.16 
      2.82       9.63       6.02 
      4.68          8       9.14 

Upper triangular matrix R:
      9.93       14.7       7.76 
         0       10.5       9.17 
         0          0       5.35 

Q.transpose()*Q:
         1   1.87e-16  -1.11e-16 
  1.87e-16          1   -2.5e-16 
 -1.11e-16   -2.5e-16          1 

Q*R:
      4.12       3.29      0.768 
     0.813       9.39       7.16 
      7.15       8.47       1.16 
      2.82       9.63       6.02 
      4.68          8       9.14 

--------------------------------
2: Linear equations
--------------------------------
Random square matrix A:
      4.12       3.29      0.768 
     0.813       9.39       7.16 
      7.15       8.47       1.16 
      2.82       9.63       6.02 
      4.68          8       9.14 
Random vector b:
      5.91       4.29       3.07        9.9      0.801 
A*x:
      5.91       4.29       3.07        9.9      0.801 
