0 0
0.001 0
0.002 0
0.003 0
0.004 0
0.005 0
0.006 0
0.007 0
0.008 0
0.009 0
0.01 0
0.011 0
0.012 0
0.013 0
0.014 0
0.015 0
0.016 0
0.017 0
0.018 0
0.019 0
0.02 0
0.021 0
0.022 0
0.023 0
0.024 0
0.025 0
0.026 0
0.027 0
0.028 0
0.029 0
0.03 0
0.031 0
0.032 0
0.033 0
0.034 0
0.035 0
0.036 0
0.037 0
0.038 0
0.039 0
0.04 0
0.041 0
0.042 0
0.043 0
0.044 0
0.045 0
0.046 0
0.047 0
0.048 0
0.049 0
0.05 0
0.051 0
0.052 0
0.053 0
0.054 0
0.055 0
0.056 0
0.057 0
0.058 0
0.059 0
0.06 0
0.061 0
0.062 0
0.063 0
0.064 0
0.065 0
0.066 0
0.067 0
0.068 0
0.069 0
0.07 0
0.071 0
0.0720000000000001 0
0.0730000000000001 0
0.0740000000000001 0
0.0750000000000001 0
0.0760000000000001 0
0.0770000000000001 0
0.0780000000000001 0
0.0790000000000001 0
0.0800000000000001 0
0.0810000000000001 0
0.0820000000000001 0
0.0830000000000001 0
0.0840000000000001 0
0.0850000000000001 0
0.0860000000000001 0
0.0870000000000001 0
0.0880000000000001 0
0.0890000000000001 0
0.0900000000000001 0
0.0910000000000001 0
0.0920000000000001 0
0.0930000000000001 0
0.0940000000000001 0
0.0950000000000001 0
0.0960000000000001 0
0.0970000000000001 0
0.0980000000000001 0
0.0990000000000001 0
0.1 0
0.101 0
0.102 0
0.103 0
0.104 0
0.105 0
0.106 0
0.107 0
0.108 0
0.109 0
0.11 0
0.111 0
0.112 0
0.113 0
0.114 0
0.115 0
0.116 0
0.117 0
0.118 0
0.119 0
0.12 0
0.121 0
0.122 0
0.123 0
0.124 0
0.125 0
0.126 0
0.127 0
0.128 0
0.129 0
0.13 0
0.131 0
0.132 0
0.133 0
0.134 0
0.135 0
0.136 0
0.137 0
0.138 0
0.139 0
0.14 0
0.141 0
0.142 0
0.143 0
0.144 0
0.145 0
0.146 0
0.147 0
0.148 0
0.149 0
0.15 0
0.151 0
0.152 0
0.153 0
0.154 0
0.155 0
0.156 0
0.157 0
0.158 0
0.159 0
0.16 0
0.161 0
0.162 0
0.163 0
0.164 0
0.165 0
0.166 0
0.167 0
0.168 0
0.169 0
0.17 0
0.171 0
0.172 0
0.173 0
0.174 0
0.175 0
0.176 0
0.177 0
0.178 0
0.179 0
0.18 0
0.181 0
0.182 0
0.183 0
0.184 0
0.185 0
0.186 0
0.187 0
0.188 0
0.189 0
0.19 0
0.191 0
0.192 0
0.193 0
0.194 0
0.195 0
0.196 0
0.197 0
0.198 0
0.199 0
0.2 0
0.201 0
0.202 0
0.203 0
0.204 0
0.205 0
0.206 0
0.207 0
0.208 0
0.209 0
0.21 0
0.211 0
0.212 0
0.213 0
0.214 0
0.215 0
0.216 0
0.217 0
0.218 0
0.219 0
0.22 0
0.221 0
0.222 0
0.223 0
0.224 0
0.225 0
0.226 0
0.227 0
0.228 0
0.229 0
0.23 0
0.231 0
0.232 0
0.233 0
0.234 0
0.235 0
0.236 0
0.237 0
0.238 0
0.239 0
0.24 0
0.241 0
0.242 0
0.243 0
0.244 0
0.245 0
0.246 0
0.247 0
0.248 0
0.249 0
0.25 0
0.251 0
0.252 0
0.253 0
0.254 0
0.255 0
0.256 0
0.257 0
0.258 0
0.259 0
0.26 0
0.261 0
0.262 0
0.263 0
0.264 0
0.265 0
0.266 0
0.267 0
0.268 0
0.269 0
0.27 0
0.271 0
0.272 0
0.273 0
0.274 0
0.275 0
0.276 0
0.277 0
0.278 0
0.279 0
0.28 0
0.281 0
0.282 0
0.283 0
0.284 0
0.285 0
0.286 0
0.287 0
0.288 0
0.289 0
0.29 0
0.291 0
0.292 0
0.293 0
0.294 0
0.295 0
0.296 0
0.297 0
0.298 0
0.299 0
0.3 0
0.301 0
0.302 0
0.303 0
0.304 0
0.305 0
0.306 0
0.307 0
0.308 0
0.309 0
0.31 0
0.311 0
0.312 0
0.313 0
0.314 0
0.315 0
0.316 0
0.317 0
0.318 0
0.319 0
0.32 0
0.321 0
0.322 0
0.323 0
0.324 0
0.325 0
0.326 0
0.327 0
0.328 0
0.329 0
0.33 0
0.331 0
0.332 0
0.333 0
0.334 0
0.335 0
0.336 0
0.337 0
0.338 0
0.339 0
0.34 0
0.341 0
0.342 0
0.343 0
0.344 0
0.345 0
0.346 0
0.347 0
0.348 0
0.349 0
0.35 0
0.351 0
0.352 0
0.353 0
0.354 0
0.355 0
0.356 0
0.357 0
0.358 0
0.359 0
0.36 0
0.361 0
0.362 0
0.363 0
0.364 0
0.365 0
0.366 0
0.367 0
0.368 0
0.369 0
0.37 0
0.371 0
0.372 0
0.373 0
0.374 0
0.375 0
0.376 0
0.377 0
0.378 0
0.379 0
0.38 0
0.381 0
0.382 0
0.383 0
0.384 0
0.385 0
0.386 0
0.387 0
0.388 0
0.389 0
0.39 0
0.391 0
0.392 0
0.393 0
0.394 0
0.395 0
0.396 0
0.397 0
0.398 0
0.399 0
0.4 0
0.401 0
0.402 0
0.403 0
0.404 0
0.405 0
0.406 0
0.407 0
0.408 0
0.409 0
0.41 0
0.411 0
0.412 0
0.413 0
0.414 0
0.415 0
0.416 0
0.417 0
0.418 0
0.419 0
0.42 0
0.421 0
0.422 0
0.423 0
0.424 0
0.425 0
0.426 0
0.427 0
0.428 0
0.429 0
0.43 0
0.431 0
0.432 0
0.433 0
0.434 0
0.435 0
0.436 0
0.437 0
0.438 0
0.439 0
0.44 0
0.441 0
0.442 0
0.443 0
0.444 0
0.445 0
0.446 0
0.447 0
0.448 0
0.449 0
0.45 0
0.451 0
0.452 0
0.453 0
0.454 0
0.455 0
0.456 0
0.457 0
0.458 0
0.459 0
0.46 0
0.461 0
0.462 0
0.463 0
0.464 0
0.465 0
0.466 0
0.467 0
0.468 0
0.469 0
0.47 0
0.471 0
0.472 0
0.473 0
0.474 0
0.475 0
0.476 0
0.477 0
0.478 0
0.479 0
0.48 0
0.481 0
0.482 0
0.483 0
0.484 0
0.485 0
0.486 0
0.487 0
0.488 0
0.489 0
0.49 0
0.491 0
0.492 0
0.493 0
0.494 0
0.495 0
0.496 0
0.497 0
0.498 0
0.499 0
0.5 0
0.501 0
0.502 0
0.503 0
0.504 0
0.505 0
0.506 0
0.507 0
0.508 0
0.509 0
0.51 0
0.511 0
0.512 0
0.513 0
0.514 0
0.515 0
0.516 0
0.517 0
0.518 0
0.519 0
0.52 0
0.521 0
0.522 0
0.523 0
0.524 0
0.525 0
0.526 0
0.527 0
0.528 0
0.529 0
0.53 0
0.531 0
0.532 0
0.533 0
0.534 0
0.535 0
0.536 0
0.537 0
0.538 0
0.539 0
0.54 0
0.541 0
0.542 0
0.543 0
0.544 0
0.545 0
0.546 0
0.547 0
0.548 0
0.549 0
0.55 0
0.551 0
0.552 0
0.553 0
0.554 0
0.555 0
0.556 0
0.557 0
0.558 0
0.559 0
0.56 0
0.561 0
0.562 0
0.563 0
0.564 0
0.565 0
0.566 0
0.567 0
0.568 0
0.569 0
0.57 0
0.571 0
0.572 0
0.573 0
0.574 0
0.575 0
0.576 0
0.577 0
0.578 0
0.579 0
0.58 0
0.581 0
0.582 0
0.583 0
0.584 0
0.585 0
0.586 0
0.587 0
0.588 0
0.589 0
0.59 0
0.591 0
0.592 0
0.593 0
0.594 0
0.595 0
0.596 0
0.597 0
0.598 0
0.599 0
0.6 0
0.601 0
0.602 0
0.603 0
0.604 0
0.605 0
0.606 0
0.607 0
0.608 0
0.609 0
0.61 0
0.611 0
0.612 0
0.613 0
0.614 0
0.615 0
0.616 0
0.617 0
0.618 0
0.619 0
0.62 0
0.621 0
0.622 0
0.623 0
0.624 0
0.625 0
0.626 0
0.627 0
0.628 0
0.629 0
0.63 0
0.631 0
0.632 0
0.633 0
0.634 0
0.635 0
0.636 0
0.637 0
0.638 0
0.639 0
0.64 0
0.641 0
0.642 0
0.643 0
0.644 0
0.645 0
0.646 0
0.647 0
0.648 0
0.649 0
0.65 0
0.651 0
0.652 0
0.653 0
0.654 0
0.655 0
0.656 0
0.657 0
0.658 0
0.659 0
0.66 0
0.661 0
0.662 0
0.663 0
0.664 0
0.665 0
0.666 0
0.667 0
0.668 0
0.669 0
0.67 0
0.671 0
0.672 0
0.673 0
0.674 0
0.675 0
0.676 0
0.677 0
0.678 0
0.679 0
0.68 0
0.681 0
0.682 0
0.683000000000001 0
0.684000000000001 0
0.685000000000001 0
0.686000000000001 0
0.687000000000001 0
0.688000000000001 0
0.689000000000001 0
0.690000000000001 0
0.691000000000001 0
0.692000000000001 0
0.693000000000001 0
0.694000000000001 0
0.695000000000001 0
0.696000000000001 0
0.697000000000001 0
0.698000000000001 0
0.699000000000001 0
0.700000000000001 0
0.701000000000001 0
0.702000000000001 0
0.703000000000001 0
0.704000000000001 0
0.705000000000001 0
0.706000000000001 0
0.707000000000001 0
0.708000000000001 0
0.709000000000001 0
0.710000000000001 0
0.711000000000001 0
0.712000000000001 0
0.713000000000001 0
0.714000000000001 0
0.715000000000001 0
0.716000000000001 0
0.717000000000001 0
0.718000000000001 0
0.719000000000001 0
0.720000000000001 0
0.721000000000001 0
0.722000000000001 0
0.723000000000001 0
0.724000000000001 0
0.725000000000001 0
0.726000000000001 0
0.727000000000001 0
0.728000000000001 0
0.729000000000001 0
0.730000000000001 0
0.731000000000001 0
0.732000000000001 0
0.733000000000001 0
0.734000000000001 0
0.735000000000001 0
0.736000000000001 0
0.737000000000001 0
0.738000000000001 0
0.739000000000001 0
0.740000000000001 0
0.741000000000001 0
0.742000000000001 0
0.743000000000001 0
0.744000000000001 0
0.745000000000001 0
0.746000000000001 0
0.747000000000001 0
0.748000000000001 0
0.749000000000001 0
0.750000000000001 0
0.751000000000001 0
0.752000000000001 0
0.753000000000001 0
0.754000000000001 0
0.755000000000001 0
0.756000000000001 0
0.757000000000001 0
0.758000000000001 0
0.759000000000001 0
0.760000000000001 0
0.761000000000001 0
0.762000000000001 0
0.763000000000001 0
0.764000000000001 0
0.765000000000001 0
0.766000000000001 0
0.767000000000001 0
0.768000000000001 0
0.769000000000001 0
0.770000000000001 0
0.771000000000001 0
0.772000000000001 0
0.773000000000001 0
0.774000000000001 0
0.775000000000001 0
0.776000000000001 0
0.777000000000001 0
0.778000000000001 0
0.779000000000001 0
0.780000000000001 0
0.781000000000001 0
0.782000000000001 0
0.783000000000001 0
0.784000000000001 0
0.785000000000001 0
0.786000000000001 0
0.787000000000001 0
0.788000000000001 0
0.789000000000001 0
0.790000000000001 0
0.791000000000001 0
0.792000000000001 0
0.793000000000001 0
0.794000000000001 0
0.795000000000001 0
0.796000000000001 0
0.797000000000001 0
0.798000000000001 0
0.799000000000001 0
0.800000000000001 0
0.801000000000001 0
0.802000000000001 0
0.803000000000001 0
0.804000000000001 0
0.805000000000001 0
0.806000000000001 0
0.807000000000001 0
0.808000000000001 0
0.809000000000001 0
0.810000000000001 0
0.811000000000001 0
0.812000000000001 0
0.813000000000001 0
0.814000000000001 0
0.815000000000001 0
0.816000000000001 0
0.817000000000001 0
0.818000000000001 0
0.819000000000001 0
0.820000000000001 0
0.821000000000001 0
0.822000000000001 0
0.823000000000001 0
0.824000000000001 0
0.825000000000001 0
0.826000000000001 0
0.827000000000001 0
0.828000000000001 0
0.829000000000001 0
0.830000000000001 0
0.831000000000001 0
0.832000000000001 0
0.833000000000001 0
0.834000000000001 0
0.835000000000001 0
0.836000000000001 0
0.837000000000001 0
0.838000000000001 0
0.839000000000001 0
0.840000000000001 0
0.841000000000001 0
0.842000000000001 0
0.843000000000001 0
0.844000000000001 0
0.845000000000001 0
0.846000000000001 0
0.847000000000001 0
0.848000000000001 0
0.849000000000001 0
0.850000000000001 0
0.851000000000001 0
0.852000000000001 0
0.853000000000001 0
0.854000000000001 0
0.855000000000001 0
0.856000000000001 0
0.857000000000001 0
0.858000000000001 0
0.859000000000001 0
0.860000000000001 0
0.861000000000001 0
0.862000000000001 0
0.863000000000001 0
0.864000000000001 0
0.865000000000001 0
0.866000000000001 0
0.867000000000001 0
0.868000000000001 0
0.869000000000001 0
0.870000000000001 0
0.871000000000001 0
0.872000000000001 0
0.873000000000001 0
0.874000000000001 0
0.875000000000001 0
0.876000000000001 0
0.877000000000001 0
0.878000000000001 0
0.879000000000001 0
0.880000000000001 0
0.881000000000001 0
0.882000000000001 0
0.883000000000001 0
0.884000000000001 0
0.885000000000001 0
0.886000000000001 0
0.887000000000001 0
0.888000000000001 0
0.889000000000001 0
0.890000000000001 0
0.891000000000001 0
0.892000000000001 0
0.893000000000001 0
0.894000000000001 0
0.895000000000001 0
0.896000000000001 0
0.897000000000001 0
0.898000000000001 0
0.899000000000001 0
0.900000000000001 0
0.901000000000001 0
0.902000000000001 0
0.903000000000001 0
0.904000000000001 0
0.905000000000001 0
0.906000000000001 0
0.907000000000001 0
0.908000000000001 0
0.909000000000001 0
0.910000000000001 0
0.911000000000001 0
0.912000000000001 0
0.913000000000001 0
0.914000000000001 0
0.915000000000001 0
0.916000000000001 0
0.917000000000001 0
0.918000000000001 0
0.919000000000001 0
0.920000000000001 0
0.921000000000001 0
0.922000000000001 0
0.923000000000001 0
0.924000000000001 0
0.925000000000001 0
0.926000000000001 0
0.927000000000001 0
0.928000000000001 0
0.929000000000001 0
0.930000000000001 0
0.931000000000001 0
0.932000000000001 0
0.933000000000001 0
0.934000000000001 0
0.935000000000001 0
0.936000000000001 0
0.937000000000001 0
0.938000000000001 0
0.939000000000001 0
0.940000000000001 0
0.941000000000001 0
0.942000000000001 0
0.943000000000001 0
0.944000000000001 0
0.945000000000001 0
0.946000000000001 0
0.947000000000001 0
0.948000000000001 0
0.949000000000001 0
0.950000000000001 0
0.951000000000001 0
0.952000000000001 0
0.953000000000001 0
0.954000000000001 0
0.955000000000001 0
0.956000000000001 0
0.957000000000001 0
0.958000000000001 0
0.959000000000001 0
0.960000000000001 0
0.961000000000001 0
0.962000000000001 0
0.963000000000001 0
0.964000000000001 0
0.965000000000001 0
0.966000000000001 0
0.967000000000001 0
0.968000000000001 0
0.969000000000001 0
0.970000000000001 0
0.971000000000001 0
0.972000000000001 0
0.973000000000001 0
0.974000000000001 0
0.975000000000001 0
0.976000000000001 0
0.977000000000001 0
0.978000000000001 0
0.979000000000001 0
0.980000000000001 0
0.981000000000001 0
0.982000000000001 0
0.983000000000001 0
0.984000000000001 0
0.985000000000001 0
0.986000000000001 0
0.987000000000001 0
0.988000000000001 0
0.989000000000001 0
0.990000000000001 0
0.991000000000001 0
0.992000000000001 0
0.993000000000001 0
0.994000000000001 0
0.995000000000001 0
0.996000000000001 0
0.997000000000001 0
0.998000000000001 0
0.999000000000001 0
1 0
1.001 0
1.002 0
1.003 0
1.004 0
1.005 0
1.006 0
1.007 0
1.008 0
1.009 0
1.01 0
1.011 0
1.012 0
1.013 0
1.014 0
1.015 0
1.016 0
1.017 0
1.018 0
1.019 0
1.02 0
1.021 0
1.022 0
1.023 0
1.024 0
1.025 0
1.026 0
1.027 0
1.028 0
1.029 0
1.03 0
1.031 0
1.032 0
1.033 0
1.034 0
1.035 0
1.036 0
1.037 0
1.038 0
1.039 0
1.04 0
1.041 0
1.042 0
1.043 0
1.044 0
1.045 0
1.046 0
1.047 0
1.048 0
1.049 0
1.05 0
1.051 0
1.05199999999999 0
1.05299999999999 0
1.05399999999999 0
1.05499999999999 0
1.05599999999999 0
1.05699999999999 0
1.05799999999999 0
1.05899999999999 0
1.05999999999999 0
1.06099999999999 0
1.06199999999999 0
1.06299999999999 0
1.06399999999999 0
1.06499999999999 0
1.06599999999999 0
1.06699999999999 0
1.06799999999999 0
1.06899999999999 0
1.06999999999999 0
1.07099999999999 0
1.07199999999999 0
1.07299999999999 0
1.07399999999999 0
1.07499999999999 0
1.07599999999999 0
1.07699999999999 0
1.07799999999999 0
1.07899999999999 0
1.07999999999999 0
1.08099999999999 0
1.08199999999999 0
1.08299999999999 0
1.08399999999999 0
1.08499999999999 0
1.08599999999999 0
1.08699999999999 0
1.08799999999999 0
1.08899999999999 0
1.08999999999999 0
1.09099999999999 0
1.09199999999999 0
1.09299999999999 0
1.09399999999999 0
1.09499999999999 0
1.09599999999999 0
1.09699999999999 0
1.09799999999999 0
1.09899999999999 0
1.09999999999999 0
1.10099999999999 0
1.10199999999999 0
1.10299999999999 0
1.10399999999999 0
1.10499999999999 0
1.10599999999999 0
1.10699999999999 0
1.10799999999999 0
1.10899999999999 0
1.10999999999999 0
1.11099999999999 0
1.11199999999999 0
1.11299999999999 0
1.11399999999999 0
1.11499999999999 0
1.11599999999999 0
1.11699999999999 0
1.11799999999999 0
1.11899999999999 0
1.11999999999999 0
1.12099999999999 0
1.12199999999999 0
1.12299999999999 0
1.12399999999999 0
1.12499999999999 0
1.12599999999999 0
1.12699999999999 0
1.12799999999999 0
1.12899999999999 0
1.12999999999999 0
1.13099999999999 0
1.13199999999999 0
1.13299999999999 0
1.13399999999999 0
1.13499999999999 0
1.13599999999999 0
1.13699999999999 0
1.13799999999999 0
1.13899999999999 0
1.13999999999999 0
1.14099999999999 0
1.14199999999999 0
1.14299999999998 0
1.14399999999998 0
1.14499999999998 0
1.14599999999998 0
1.14699999999998 0
1.14799999999998 0
1.14899999999998 0
1.14999999999998 0
1.15099999999998 0
1.15199999999998 0
1.15299999999998 0
1.15399999999998 0
1.15499999999998 0
1.15599999999998 0
1.15699999999998 0
1.15799999999998 0
1.15899999999998 0
1.15999999999998 0
1.16099999999998 0
1.16199999999998 0
1.16299999999998 0
1.16399999999998 0
1.16499999999998 0
1.16599999999998 0
1.16699999999998 0
1.16799999999998 0
1.16899999999998 0
1.16999999999998 0
1.17099999999998 0
1.17199999999998 0
1.17299999999998 0
1.17399999999998 0
1.17499999999998 0
1.17599999999998 0
1.17699999999998 0
1.17799999999998 0
1.17899999999998 0
1.17999999999998 0
1.18099999999998 0
1.18199999999998 0
1.18299999999998 0
1.18399999999998 0
1.18499999999998 0
1.18599999999998 0
1.18699999999998 0
1.18799999999998 0
1.18899999999998 0
1.18999999999998 0
1.19099999999998 0
1.19199999999998 0
1.19299999999998 0
1.19399999999998 0
1.19499999999998 0
1.19599999999998 0
1.19699999999998 0
1.19799999999998 0
1.19899999999998 0
1.19999999999998 0
1.20099999999998 0
1.20199999999998 0
1.20299999999998 0
1.20399999999998 0
1.20499999999998 0
1.20599999999998 0
1.20699999999998 0
1.20799999999998 0
1.20899999999998 0
1.20999999999998 0
1.21099999999998 0
1.21199999999998 0
1.21299999999998 0
1.21399999999998 0
1.21499999999998 0
1.21599999999998 0
1.21699999999998 0
1.21799999999998 0
1.21899999999998 0
1.21999999999998 0
1.22099999999998 0
1.22199999999998 0
1.22299999999998 0
1.22399999999998 0
1.22499999999998 0
1.22599999999998 0
1.22699999999998 0
1.22799999999998 0
1.22899999999998 0
1.22999999999998 0
1.23099999999998 0
1.23199999999998 0
1.23299999999998 0
1.23399999999997 0
1.23499999999997 0
1.23599999999997 0
1.23699999999997 0
1.23799999999997 0
1.23899999999997 0
1.23999999999997 0
1.24099999999997 0
1.24199999999997 0
1.24299999999997 0
1.24399999999997 0
1.24499999999997 0
1.24599999999997 0
1.24699999999997 0
1.24799999999997 0
1.24899999999997 0
1.24999999999997 0
1.25099999999997 0
1.25199999999997 0
1.25299999999997 0
1.25399999999997 0
1.25499999999997 0
1.25599999999997 0
1.25699999999997 0
1.25799999999997 0
1.25899999999997 0
1.25999999999997 0
1.26099999999997 0
1.26199999999997 0
1.26299999999997 0
1.26399999999997 0
1.26499999999997 0
1.26599999999997 0
1.26699999999997 0
1.26799999999997 0
1.26899999999997 0
1.26999999999997 0
1.27099999999997 0
1.27199999999997 0
1.27299999999997 0
1.27399999999997 0
1.27499999999997 0
1.27599999999997 0
1.27699999999997 0
1.27799999999997 0
1.27899999999997 0
1.27999999999997 0
1.28099999999997 0
1.28199999999997 0
1.28299999999997 0
1.28399999999997 0
1.28499999999997 0
1.28599999999997 0
1.28699999999997 0
1.28799999999997 0
1.28899999999997 0
1.28999999999997 0
1.29099999999997 0
1.29199999999997 0
1.29299999999997 0
1.29399999999997 0
1.29499999999997 0
1.29599999999997 0
1.29699999999997 0
1.29799999999997 0
1.29899999999997 0
1.29999999999997 0
1.30099999999997 0
1.30199999999997 0
1.30299999999997 0
1.30399999999997 0
1.30499999999997 0
1.30599999999997 0
1.30699999999997 0
1.30799999999997 0
1.30899999999997 0
1.30999999999997 0
1.31099999999997 0
1.31199999999997 0
1.31299999999997 0
1.31399999999997 0
1.31499999999997 0
1.31599999999997 0
1.31699999999997 0
1.31799999999997 0
1.31899999999997 0
1.31999999999997 0
1.32099999999997 0
1.32199999999997 0
1.32299999999997 0
1.32399999999997 0
1.32499999999996 0
1.32599999999996 0
1.32699999999996 0
1.32799999999996 0
1.32899999999996 0
1.32999999999996 0
1.33099999999996 0
1.33199999999996 0
1.33299999999996 0
1.33399999999996 0
1.33499999999996 0
1.33599999999996 0
1.33699999999996 0
1.33799999999996 0
1.33899999999996 0
1.33999999999996 0
1.34099999999996 0
1.34199999999996 0
1.34299999999996 0
1.34399999999996 0
1.34499999999996 0
1.34599999999996 0
1.34699999999996 0
1.34799999999996 0
1.34899999999996 0
1.34999999999996 0
1.35099999999996 0
1.35199999999996 0
1.35299999999996 0
1.35399999999996 0
1.35499999999996 0
1.35599999999996 0
1.35699999999996 0
1.35799999999996 0
1.35899999999996 0
1.35999999999996 0
1.36099999999996 0
1.36199999999996 0
1.36299999999996 0
1.36399999999996 0
1.36499999999996 0
1.36599999999996 0
1.36699999999996 0
1.36799999999996 0
1.36899999999996 0
1.36999999999996 0
1.37099999999996 0
1.37199999999996 0
1.37299999999996 0
1.37399999999996 0
1.37499999999996 0
1.37599999999996 0
1.37699999999996 0
1.37799999999996 0
1.37899999999996 0
1.37999999999996 0
1.38099999999996 0
1.38199999999996 0
1.38299999999996 0
1.38399999999996 0
1.38499999999996 0
1.38599999999996 0
1.38699999999996 0
1.38799999999996 0
1.38899999999996 0
1.38999999999996 0
1.39099999999996 0
1.39199999999996 0
1.39299999999996 0
1.39399999999996 0
1.39499999999996 0
1.39599999999996 0
1.39699999999996 0
1.39799999999996 0
1.39899999999996 0
1.39999999999996 0
1.40099999999996 0
1.40199999999996 0
1.40299999999996 0
1.40399999999996 0
1.40499999999996 0
1.40599999999996 0
1.40699999999996 0
1.40799999999996 0
1.40899999999996 0
1.40999999999996 0
1.41099999999996 0
1.41199999999996 0
1.41299999999996 0
1.41399999999996 0
1.41499999999996 0
1.41599999999995 0
1.41699999999995 0
1.41799999999995 0
1.41899999999995 0
1.41999999999995 0
1.42099999999995 0
1.42199999999995 0
1.42299999999995 0
1.42399999999995 0
1.42499999999995 0
1.42599999999995 0
1.42699999999995 0
1.42799999999995 0
1.42899999999995 0
1.42999999999995 0
1.43099999999995 0
1.43199999999995 0
1.43299999999995 0
1.43399999999995 0
1.43499999999995 0
1.43599999999995 0
1.43699999999995 0
1.43799999999995 0
1.43899999999995 0
1.43999999999995 0
1.44099999999995 0
1.44199999999995 0
1.44299999999995 0
1.44399999999995 0
1.44499999999995 0
1.44599999999995 0
1.44699999999995 0
1.44799999999995 0
1.44899999999995 0
1.44999999999995 0
1.45099999999995 0
1.45199999999995 0
1.45299999999995 0
1.45399999999995 0
1.45499999999995 0
1.45599999999995 0
1.45699999999995 0
1.45799999999995 0
1.45899999999995 0
1.45999999999995 0
1.46099999999995 0
1.46199999999995 0
1.46299999999995 0
1.46399999999995 0
1.46499999999995 0
1.46599999999995 0
1.46699999999995 0
1.46799999999995 0
1.46899999999995 0
1.46999999999995 0
1.47099999999995 0
1.47199999999995 0
1.47299999999995 0
1.47399999999995 0
1.47499999999995 0
1.47599999999995 0
1.47699999999995 0
1.47799999999995 0
1.47899999999995 0
1.47999999999995 0
1.48099999999995 0
1.48199999999995 0
1.48299999999995 0
1.48399999999995 0
1.48499999999995 0
1.48599999999995 0
1.48699999999995 0
1.48799999999995 0
1.48899999999995 0
1.48999999999995 0
1.49099999999995 0
1.49199999999995 0
1.49299999999995 0
1.49399999999995 0
1.49499999999995 0
1.49599999999995 0
1.49699999999995 0
1.49799999999995 0
1.49899999999995 0
1.49999999999995 0
1.50099999999995 0
1.50199999999995 0
1.50299999999995 0
1.50399999999995 0
1.50499999999995 0
1.50599999999994 0
1.50699999999994 0
1.50799999999994 0
1.50899999999994 0
1.50999999999994 0
1.51099999999994 0
1.51199999999994 0
1.51299999999994 0
1.51399999999994 0
1.51499999999994 0
1.51599999999994 0
1.51699999999994 0
1.51799999999994 0
1.51899999999994 0
1.51999999999994 0
1.52099999999994 0
1.52199999999994 0
1.52299999999994 0
1.52399999999994 0
1.52499999999994 0
1.52599999999994 0
1.52699999999994 0
1.52799999999994 0
1.52899999999994 0
1.52999999999994 0
1.53099999999994 0
1.53199999999994 0
1.53299999999994 0
1.53399999999994 0
1.53499999999994 0
1.53599999999994 0
1.53699999999994 0
1.53799999999994 0
1.53899999999994 0
1.53999999999994 0
1.54099999999994 0
1.54199999999994 0
1.54299999999994 0
1.54399999999994 0
1.54499999999994 0
1.54599999999994 0
1.54699999999994 0
1.54799999999994 0
1.54899999999994 0
1.54999999999994 0
1.55099999999994 0
1.55199999999994 0
1.55299999999994 0
1.55399999999994 0
1.55499999999994 0
1.55599999999994 0
1.55699999999994 0
1.55799999999994 0
1.55899999999994 0
1.55999999999994 0
1.56099999999994 0
1.56199999999994 0
1.56299999999994 0
1.56399999999994 0
1.56499999999994 0
1.56599999999994 0
1.56699999999994 0
1.56799999999994 0
1.56899999999994 0
1.56999999999994 0
1.57099999999994 0
1.57199999999994 0
1.57299999999994 0
1.57399999999994 0
1.57499999999994 0
1.57599999999994 0
1.57699999999994 0
1.57799999999994 0
1.57899999999994 0
1.57999999999994 0
1.58099999999994 0
1.58199999999994 0
1.58299999999994 0
1.58399999999994 0
1.58499999999994 0
1.58599999999994 0
1.58699999999994 0
1.58799999999994 0
1.58899999999994 0
1.58999999999994 0
1.59099999999994 0
1.59199999999994 0
1.59299999999994 0
1.59399999999994 0
1.59499999999994 0
1.59599999999994 0
1.59699999999993 0
1.59799999999993 0
1.59899999999993 0
1.59999999999993 0
1.60099999999993 0
1.60199999999993 0
1.60299999999993 0
1.60399999999993 0
1.60499999999993 0
1.60599999999993 0
1.60699999999993 0
1.60799999999993 0
1.60899999999993 0
1.60999999999993 0
1.61099999999993 0
1.61199999999993 0
1.61299999999993 0
1.61399999999993 0
1.61499999999993 0
1.61599999999993 0
1.61699999999993 0
1.61799999999993 0
1.61899999999993 0
1.61999999999993 0
1.62099999999993 0
1.62199999999993 0
1.62299999999993 0
1.62399999999993 0
1.62499999999993 0
1.62599999999993 0
1.62699999999993 0
1.62799999999993 0
1.62899999999993 0
1.62999999999993 0
1.63099999999993 0
1.63199999999993 0
1.63299999999993 0
1.63399999999993 0
1.63499999999993 0
1.63599999999993 0
1.63699999999993 0
1.63799999999993 0
1.63899999999993 0
1.63999999999993 0
1.64099999999993 0
1.64199999999993 0
1.64299999999993 0
1.64399999999993 0
1.64499999999993 0
1.64599999999993 0
1.64699999999993 0
1.64799999999993 0
1.64899999999993 0
1.64999999999993 0
1.65099999999993 0
1.65199999999993 0
1.65299999999993 0
1.65399999999993 0
1.65499999999993 0
1.65599999999993 0
1.65699999999993 0
1.65799999999993 0
1.65899999999993 0
1.65999999999993 0
1.66099999999993 0
1.66199999999993 0
1.66299999999993 0
1.66399999999993 0
1.66499999999993 0
1.66599999999993 0
1.66699999999993 0
1.66799999999993 0
1.66899999999993 0
1.66999999999993 0
1.67099999999993 0
1.67199999999993 0
1.67299999999993 0
1.67399999999993 0
1.67499999999993 0
1.67599999999993 0
1.67699999999993 0
1.67799999999993 0
1.67899999999993 0
1.67999999999993 0
1.68099999999993 0
1.68199999999993 0
1.68299999999993 0
1.68399999999993 0
1.68499999999993 0
1.68599999999993 0
1.68699999999993 0
1.68799999999992 0
1.68899999999992 0
1.68999999999992 0
1.69099999999992 0
1.69199999999992 0
1.69299999999992 0
1.69399999999992 0
1.69499999999992 0
1.69599999999992 0
1.69699999999992 0
1.69799999999992 0
1.69899999999992 0
1.69999999999992 0
1.70099999999992 0
1.70199999999992 0
1.70299999999992 0
1.70399999999992 0
1.70499999999992 0
1.70599999999992 0
1.70699999999992 0
1.70799999999992 0
1.70899999999992 0
1.70999999999992 0
1.71099999999992 0
1.71199999999992 0
1.71299999999992 0
1.71399999999992 0
1.71499999999992 0
1.71599999999992 0
1.71699999999992 0
1.71799999999992 0
1.71899999999992 0
1.71999999999992 0
1.72099999999992 0
1.72199999999992 0
1.72299999999992 0
1.72399999999992 0
1.72499999999992 0
1.72599999999992 0
1.72699999999992 0
1.72799999999992 0
1.72899999999992 0
1.72999999999992 0
1.73099999999992 0
1.73199999999992 0
1.73299999999992 0
1.73399999999992 0
1.73499999999992 0
1.73599999999992 0
1.73699999999992 0
1.73799999999992 0
1.73899999999992 0
1.73999999999992 0
1.74099999999992 0
1.74199999999992 0
1.74299999999992 0
1.74399999999992 0
1.74499999999992 0
1.74599999999992 0
1.74699999999992 0
1.74799999999992 0
1.74899999999992 0
1.74999999999992 0
1.75099999999992 0
1.75199999999992 0
1.75299999999992 0
1.75399999999992 0
1.75499999999992 0
1.75599999999992 0
1.75699999999992 0
1.75799999999992 0
1.75899999999992 0
1.75999999999992 0
1.76099999999992 0
1.76199999999992 0
1.76299999999992 0
1.76399999999992 0
1.76499999999992 0
1.76599999999992 0
1.76699999999992 0
1.76799999999992 0
1.76899999999992 0
1.76999999999992 0
1.77099999999992 0
1.77199999999992 0
1.77299999999992 0
1.77399999999992 0
1.77499999999992 0
1.77599999999992 0
1.77699999999992 0
1.77799999999992 0
1.77899999999991 0
1.77999999999991 0
1.78099999999991 0
1.78199999999991 0
1.78299999999991 0
1.78399999999991 0
1.78499999999991 0
1.78599999999991 0
1.78699999999991 0
1.78799999999991 0
1.78899999999991 0
1.78999999999991 0
1.79099999999991 0
1.79199999999991 0
1.79299999999991 0
1.79399999999991 0
1.79499999999991 0
1.79599999999991 0
1.79699999999991 0
1.79799999999991 0
1.79899999999991 0
1.79999999999991 0
1.80099999999991 0
1.80199999999991 0
1.80299999999991 0
1.80399999999991 0
1.80499999999991 0
1.80599999999991 0
1.80699999999991 0
1.80799999999991 0
1.80899999999991 0
1.80999999999991 0
1.81099999999991 0
1.81199999999991 0
1.81299999999991 0
1.81399999999991 0
1.81499999999991 0
1.81599999999991 0
1.81699999999991 0
1.81799999999991 0
1.81899999999991 0
1.81999999999991 0
1.82099999999991 0
1.82199999999991 0
1.82299999999991 0
1.82399999999991 0
1.82499999999991 0
1.82599999999991 0
1.82699999999991 0
1.82799999999991 0
1.82899999999991 0
1.82999999999991 0
1.83099999999991 0
1.83199999999991 0
1.83299999999991 0
1.83399999999991 0
1.83499999999991 0
1.83599999999991 0
1.83699999999991 0
1.83799999999991 0
1.83899999999991 0
1.83999999999991 0
1.84099999999991 0
1.84199999999991 0
1.84299999999991 0
1.84399999999991 0
1.84499999999991 0
1.84599999999991 0
1.84699999999991 0
1.84799999999991 0
1.84899999999991 0
1.84999999999991 0
1.85099999999991 0
1.85199999999991 0
1.85299999999991 0
1.85399999999991 0
1.85499999999991 0
1.85599999999991 0
1.85699999999991 0
1.85799999999991 0
1.85899999999991 0
1.85999999999991 0
1.86099999999991 0
1.86199999999991 0
1.86299999999991 0
1.86399999999991 0
1.86499999999991 0
1.86599999999991 0
1.86699999999991 0
1.86799999999991 0
1.86899999999991 0
1.8699999999999 0
1.8709999999999 0
1.8719999999999 0
1.8729999999999 0
1.8739999999999 0
1.8749999999999 0
1.8759999999999 0
1.8769999999999 0
1.8779999999999 0
1.8789999999999 0
1.8799999999999 0
1.8809999999999 0
1.8819999999999 0
1.8829999999999 0
1.8839999999999 0
1.8849999999999 0
1.8859999999999 0
1.8869999999999 0
1.8879999999999 0
1.8889999999999 0
1.8899999999999 0
1.8909999999999 0
1.8919999999999 0
1.8929999999999 0
1.8939999999999 0
1.8949999999999 0
1.8959999999999 0
1.8969999999999 0
1.8979999999999 0
1.8989999999999 0
1.8999999999999 0
1.9009999999999 0
1.9019999999999 0
1.9029999999999 0
1.9039999999999 0
1.9049999999999 0
1.9059999999999 0
1.9069999999999 0
1.9079999999999 0
1.9089999999999 0
1.9099999999999 0
1.9109999999999 0
1.9119999999999 0
1.9129999999999 0
1.9139999999999 0
1.9149999999999 0
1.9159999999999 0
1.9169999999999 0
1.9179999999999 0
1.9189999999999 0
1.9199999999999 0
1.9209999999999 0
1.9219999999999 0
1.9229999999999 0
1.9239999999999 0
1.9249999999999 0
1.9259999999999 0
1.9269999999999 0
1.9279999999999 0
1.9289999999999 0
1.9299999999999 0
1.9309999999999 0
1.9319999999999 0
1.9329999999999 0
1.9339999999999 0
1.9349999999999 0
1.9359999999999 0
1.9369999999999 0
1.9379999999999 0
1.9389999999999 0
1.9399999999999 0
1.9409999999999 0
1.9419999999999 0
1.9429999999999 0
1.9439999999999 0
1.9449999999999 0
1.9459999999999 0
1.9469999999999 0
1.9479999999999 0
1.9489999999999 0
1.9499999999999 0
1.9509999999999 0
1.9519999999999 0
1.9529999999999 0
1.9539999999999 0
1.9549999999999 0
1.9559999999999 0
1.9569999999999 0
1.9579999999999 0
1.9589999999999 0
1.95999999999989 0
1.96099999999989 0
1.96199999999989 0
1.96299999999989 0
1.96399999999989 0
1.96499999999989 0
1.96599999999989 0
1.96699999999989 0
1.96799999999989 0
1.96899999999989 0
1.96999999999989 0
1.97099999999989 0
1.97199999999989 0
1.97299999999989 0
1.97399999999989 0
1.97499999999989 0
1.97599999999989 0
1.97699999999989 0
1.97799999999989 0
1.97899999999989 0
1.97999999999989 0
1.98099999999989 0
1.98199999999989 0
1.98299999999989 0
1.98399999999989 0
1.98499999999989 0
1.98599999999989 0
1.98699999999989 0
1.98799999999989 0
1.98899999999989 0
1.98999999999989 0
1.99099999999989 0
1.99199999999989 0
1.99299999999989 0
1.99399999999989 0
1.99499999999989 0
1.99599999999989 0
1.99699999999989 0
1.99799999999989 0
1.99899999999989 0
1.99999999999989 0
2.00099999999989 0
2.00199999999989 0
2.00299999999989 0
2.00399999999989 0
2.00499999999989 0
2.00599999999989 0
2.00699999999989 0
2.00799999999989 0
2.00899999999989 0
2.00999999999989 0
2.01099999999989 0
2.01199999999989 0
2.01299999999989 0
2.01399999999989 0
2.01499999999989 0
2.01599999999989 0
2.01699999999989 0
2.01799999999989 0
2.01899999999989 0
2.01999999999989 0
2.02099999999989 0
2.02199999999989 0
2.02299999999989 0
2.02399999999989 0
2.02499999999989 0
2.02599999999989 0
2.02699999999989 0
2.02799999999989 0
2.02899999999989 0
2.02999999999989 0
2.03099999999989 0
2.03199999999989 0
2.03299999999989 0
2.03399999999989 0
2.03499999999989 0
2.03599999999989 0
2.03699999999989 0
2.03799999999989 0
2.03899999999989 0
2.03999999999989 0
2.04099999999989 0
2.04199999999989 0
2.04299999999989 0
2.04399999999989 0
2.04499999999989 0
2.04599999999989 0
2.04699999999989 0
2.04799999999989 0
2.04899999999989 0
2.04999999999989 0
2.05099999999989 0
2.05199999999989 0
2.05299999999988 0
2.05399999999988 0
2.05499999999988 0
2.05599999999988 0
2.05699999999988 0
2.05799999999988 0
2.05899999999988 0
2.05999999999988 0
2.06099999999988 0
2.06199999999988 0
2.06299999999988 0
2.06399999999988 0
2.06499999999988 0
2.06599999999988 0
2.06699999999988 0
2.06799999999988 0
2.06899999999988 0
2.06999999999988 0
2.07099999999988 0
2.07199999999988 0
2.07299999999988 0
2.07399999999988 0
2.07499999999988 0
2.07599999999988 0
2.07699999999988 0
2.07799999999988 0
2.07899999999988 0
2.07999999999988 0
2.08099999999988 0
2.08199999999988 0
2.08299999999988 0
2.08399999999988 0
2.08499999999988 0
2.08599999999988 0
2.08699999999988 0
2.08799999999988 0
2.08899999999988 0
2.08999999999988 0
2.09099999999988 0
2.09199999999988 0
2.09299999999988 0
2.09399999999988 0
2.09499999999988 0
2.09599999999988 0
2.09699999999988 0
2.09799999999988 0
2.09899999999988 0
2.09999999999988 0
2.10099999999988 0
2.10199999999988 0
2.10299999999988 0
2.10399999999988 0
2.10499999999988 0
2.10599999999988 0
2.10699999999988 0
2.10799999999988 0
2.10899999999988 0
2.10999999999988 0
2.11099999999988 0
2.11199999999988 0
2.11299999999988 0
2.11399999999988 0
2.11499999999988 0
2.11599999999988 0
2.11699999999988 0
2.11799999999988 0
2.11899999999988 0
2.11999999999988 0
2.12099999999988 0
2.12199999999988 0
2.12299999999988 0
2.12399999999988 0
2.12499999999988 0
2.12599999999988 0
2.12699999999988 0
2.12799999999988 0
2.12899999999988 0
2.12999999999988 0
2.13099999999988 0
2.13199999999988 0
2.13299999999988 0
2.13399999999988 0
2.13499999999988 0
2.13599999999988 0
2.13699999999988 0
2.13799999999988 0
2.13899999999988 0
2.13999999999988 0
2.14099999999988 0
2.14199999999988 0
2.14299999999988 0
2.14399999999987 0
2.14499999999987 0
2.14599999999987 0
2.14699999999987 0
2.14799999999987 0
2.14899999999987 0
2.14999999999987 0
2.15099999999987 0
2.15199999999987 0
2.15299999999987 0
2.15399999999987 0
2.15499999999987 0
2.15599999999987 0
2.15699999999987 0
2.15799999999987 0
2.15899999999987 0
2.15999999999987 0
2.16099999999987 0
2.16199999999987 0
2.16299999999987 0
2.16399999999987 0
2.16499999999987 0
2.16599999999987 0
2.16699999999987 0
2.16799999999987 0
2.16899999999987 0
2.16999999999987 0
2.17099999999987 0
2.17199999999987 0
2.17299999999987 0
2.17399999999987 0
2.17499999999987 0
2.17599999999987 0
2.17699999999987 0
2.17799999999987 0
2.17899999999987 0
2.17999999999987 0
2.18099999999987 0
2.18199999999987 0
2.18299999999987 0
2.18399999999987 0
2.18499999999987 0
2.18599999999987 0
2.18699999999987 0
2.18799999999987 0
2.18899999999987 0
2.18999999999987 0
2.19099999999987 0
2.19199999999987 0
2.19299999999987 0
2.19399999999987 0
2.19499999999987 0
2.19599999999987 0
2.19699999999987 0
2.19799999999987 0
2.19899999999987 0
2.19999999999987 0
2.20099999999987 0
2.20199999999987 0
2.20299999999987 0
2.20399999999987 0
2.20499999999987 0
2.20599999999987 0
2.20699999999987 0
2.20799999999987 0
2.20899999999987 0
2.20999999999987 0
2.21099999999987 0
2.21199999999987 0
2.21299999999987 0
2.21399999999987 0
2.21499999999987 0
2.21599999999987 0
2.21699999999987 0
2.21799999999987 0
2.21899999999987 0
2.21999999999987 0
2.22099999999987 0
2.22199999999987 0
2.22299999999987 0
2.22399999999987 0
2.22499999999987 0
2.22599999999987 0
2.22699999999987 0
2.22799999999987 0
2.22899999999987 0
2.22999999999987 0
2.23099999999987 0
2.23199999999987 0
2.23299999999987 0
2.23399999999987 0
2.23499999999986 0
2.23599999999986 0
2.23699999999986 0
2.23799999999986 0
2.23899999999986 0
2.23999999999986 0
2.24099999999986 0
2.24199999999986 0
2.24299999999986 0
2.24399999999986 0
2.24499999999986 0
2.24599999999986 0
2.24699999999986 0
2.24799999999986 0
2.24899999999986 0
2.24999999999986 0
2.25099999999986 0
2.25199999999986 0
2.25299999999986 0
2.25399999999986 0
2.25499999999986 0
2.25599999999986 0
2.25699999999986 0
2.25799999999986 0
2.25899999999986 0
2.25999999999986 0
2.26099999999986 0
2.26199999999986 0
2.26299999999986 0
2.26399999999986 0
2.26499999999986 0
2.26599999999986 0
2.26699999999986 0
2.26799999999986 0
2.26899999999986 0
2.26999999999986 0
2.27099999999986 0
2.27199999999986 0
2.27299999999986 0
2.27399999999986 0
2.27499999999986 0
2.27599999999986 0
2.27699999999986 0
2.27799999999986 0
2.27899999999986 0
2.27999999999986 0
2.28099999999986 0
2.28199999999986 0
2.28299999999986 0
2.28399999999986 0
2.28499999999986 0
2.28599999999986 0
2.28699999999986 0
2.28799999999986 0
2.28899999999986 0
2.28999999999986 0
2.29099999999986 0
2.29199999999986 0
2.29299999999986 0
2.29399999999986 0
2.29499999999986 0
2.29599999999986 0
2.29699999999986 0
2.29799999999986 0
2.29899999999986 0
2.29999999999986 0
2.30099999999986 0
2.30199999999986 0
2.30299999999986 0
2.30399999999986 0
2.30499999999986 0
2.30599999999986 0
2.30699999999986 0
2.30799999999986 0
2.30899999999986 0
2.30999999999986 0
2.31099999999986 0
2.31199999999986 0
2.31299999999986 0
2.31399999999986 0
2.31499999999986 0
2.31599999999986 0
2.31699999999986 0
2.31799999999986 0
2.31899999999986 0
2.31999999999986 0
2.32099999999986 0
2.32199999999986 0
2.32299999999986 0
2.32399999999986 0
2.32499999999986 0
2.32599999999985 0
2.32699999999985 0
2.32799999999985 0
2.32899999999985 0
2.32999999999985 0
2.33099999999985 0
2.33199999999985 0
2.33299999999985 0
2.33399999999985 0
2.33499999999985 0
2.33599999999985 0
2.33699999999985 0
2.33799999999985 0
2.33899999999985 0
2.33999999999985 0
2.34099999999985 0
2.34199999999985 0
2.34299999999985 0
2.34399999999985 0
2.34499999999985 0
2.34599999999985 0
2.34699999999985 0
2.34799999999985 0
2.34899999999985 0
2.34999999999985 0
2.35099999999985 0
2.35199999999985 0
2.35299999999985 0
2.35399999999985 0
2.35499999999985 0
2.35599999999985 0
2.35699999999985 0
2.35799999999985 0
2.35899999999985 0
2.35999999999985 0
2.36099999999985 0
2.36199999999985 0
2.36299999999985 0
2.36399999999985 0
2.36499999999985 0
2.36599999999985 0
2.36699999999985 0
2.36799999999985 0
2.36899999999985 0
2.36999999999985 0
2.37099999999985 0
2.37199999999985 0
2.37299999999985 0
2.37399999999985 0
2.37499999999985 0
2.37599999999985 0
2.37699999999985 0
2.37799999999985 0
2.37899999999985 0
2.37999999999985 0
2.38099999999985 0
2.38199999999985 0
2.38299999999985 0
2.38399999999985 0
2.38499999999985 0
2.38599999999985 0
2.38699999999985 0
2.38799999999985 0
2.38899999999985 0
2.38999999999985 0
2.39099999999985 0
2.39199999999985 0
2.39299999999985 0
2.39399999999985 0
2.39499999999985 0
2.39599999999985 0
2.39699999999985 0
2.39799999999985 0
2.39899999999985 0
2.39999999999985 0
2.40099999999985 0
2.40199999999985 0
2.40299999999985 0
2.40399999999985 0
2.40499999999985 0
2.40599999999985 0
2.40699999999985 0
2.40799999999985 0
2.40899999999985 0
2.40999999999985 0
2.41099999999985 0
2.41199999999985 0
2.41299999999985 0
2.41399999999985 0
2.41499999999985 0
2.41599999999984 0
2.41699999999984 0
2.41799999999984 0
2.41899999999984 0
2.41999999999984 0
2.42099999999984 0
2.42199999999984 0
2.42299999999984 0
2.42399999999984 0
2.42499999999984 0
2.42599999999984 0
2.42699999999984 0
2.42799999999984 0
2.42899999999984 0
2.42999999999984 0
2.43099999999984 0
2.43199999999984 0
2.43299999999984 0
2.43399999999984 0
2.43499999999984 0
2.43599999999984 0
2.43699999999984 0
2.43799999999984 0
2.43899999999984 0
2.43999999999984 0
2.44099999999984 0
2.44199999999984 0
2.44299999999984 0
2.44399999999984 0
2.44499999999984 0
2.44599999999984 0
2.44699999999984 0
2.44799999999984 0
2.44899999999984 0
2.44999999999984 0
2.45099999999984 0
2.45199999999984 0
2.45299999999984 0
2.45399999999984 0
2.45499999999984 0
2.45599999999984 0
2.45699999999984 0
2.45799999999984 0
2.45899999999984 0
2.45999999999984 0
2.46099999999984 0
2.46199999999984 0
2.46299999999984 0
2.46399999999984 0
2.46499999999984 0
2.46599999999984 0
2.46699999999984 0
2.46799999999984 0
2.46899999999984 0
2.46999999999984 0
2.47099999999984 0
2.47199999999984 0
2.47299999999984 0
2.47399999999984 0
2.47499999999984 0
2.47599999999984 0
2.47699999999984 0
2.47799999999984 0
2.47899999999984 0
2.47999999999984 0
2.48099999999984 0
2.48199999999984 0
2.48299999999984 0
2.48399999999984 0
2.48499999999984 0
2.48599999999984 0
2.48699999999984 0
2.48799999999984 0
2.48899999999984 0
2.48999999999984 0
2.49099999999984 0
2.49199999999984 0
2.49299999999984 0
2.49399999999984 0
2.49499999999984 0
2.49599999999984 0
2.49699999999984 0
2.49799999999984 0
2.49899999999984 0
2.49999999999984 0
2.50099999999984 0
2.50199999999984 0
2.50299999999984 0
2.50399999999984 0
2.50499999999984 0
2.50599999999984 0
2.50699999999983 0
2.50799999999983 0
2.50899999999983 0
2.50999999999983 0
2.51099999999983 0
2.51199999999983 0
2.51299999999983 0
2.51399999999983 0
2.51499999999983 0
2.51599999999983 0
2.51699999999983 0
2.51799999999983 0
2.51899999999983 0
2.51999999999983 0
2.52099999999983 0
2.52199999999983 0
2.52299999999983 0
2.52399999999983 0
2.52499999999983 0
2.52599999999983 0
2.52699999999983 0
2.52799999999983 0
2.52899999999983 0
2.52999999999983 0
2.53099999999983 0
2.53199999999983 0
2.53299999999983 0
2.53399999999983 0
2.53499999999983 0
2.53599999999983 0
2.53699999999983 0
2.53799999999983 0
2.53899999999983 0
2.53999999999983 0
2.54099999999983 0
2.54199999999983 0
2.54299999999983 0
2.54399999999983 0
2.54499999999983 0
2.54599999999983 0
2.54699999999983 0
2.54799999999983 0
2.54899999999983 0
2.54999999999983 0
2.55099999999983 0
2.55199999999983 0
2.55299999999983 0
2.55399999999983 0
2.55499999999983 0
2.55599999999983 0
2.55699999999983 0
2.55799999999983 0
2.55899999999983 0
2.55999999999983 0
2.56099999999983 0
2.56199999999983 0
2.56299999999983 0
2.56399999999983 0
2.56499999999983 0
2.56599999999983 0
2.56699999999983 0
2.56799999999983 0
2.56899999999983 0
2.56999999999983 0
2.57099999999983 0
2.57199999999983 0
2.57299999999983 0
2.57399999999983 0
2.57499999999983 0
2.57599999999983 0
2.57699999999983 0
2.57799999999983 0
2.57899999999983 0
2.57999999999983 0
2.58099999999983 0
2.58199999999983 0
2.58299999999983 0
2.58399999999983 0
2.58499999999983 0
2.58599999999983 0
2.58699999999983 0
2.58799999999983 0
2.58899999999983 0
2.58999999999983 0
2.59099999999983 0
2.59199999999983 0
2.59299999999983 0
2.59399999999983 0
2.59499999999983 0
2.59599999999983 0
2.59699999999983 0
2.59799999999982 0
2.59899999999982 0
2.59999999999982 0
2.60099999999982 0
2.60199999999982 0
2.60299999999982 0
2.60399999999982 0
2.60499999999982 0
2.60599999999982 0
2.60699999999982 0
2.60799999999982 0
2.60899999999982 0
2.60999999999982 0
2.61099999999982 0
2.61199999999982 0
2.61299999999982 0
2.61399999999982 0
2.61499999999982 0
2.61599999999982 0
2.61699999999982 0
2.61799999999982 0
2.61899999999982 0
2.61999999999982 0
2.62099999999982 0
2.62199999999982 0
2.62299999999982 0
2.62399999999982 0
2.62499999999982 0
2.62599999999982 0
2.62699999999982 0
2.62799999999982 0
2.62899999999982 0
2.62999999999982 0
2.63099999999982 0
2.63199999999982 0
2.63299999999982 0
2.63399999999982 0
2.63499999999982 0
2.63599999999982 0
2.63699999999982 0
2.63799999999982 0
2.63899999999982 0
2.63999999999982 0
2.64099999999982 0
2.64199999999982 0
2.64299999999982 0
2.64399999999982 0
2.64499999999982 0
2.64599999999982 0
2.64699999999982 0
2.64799999999982 0
2.64899999999982 0
2.64999999999982 0
2.65099999999982 0
2.65199999999982 0
2.65299999999982 0
2.65399999999982 0
2.65499999999982 0
2.65599999999982 0
2.65699999999982 0
2.65799999999982 0
2.65899999999982 0
2.65999999999982 0
2.66099999999982 0
2.66199999999982 0
2.66299999999982 0
2.66399999999982 0
2.66499999999982 0
2.66599999999982 0
2.66699999999982 0
2.66799999999982 0
2.66899999999982 0
2.66999999999982 0
2.67099999999982 0
2.67199999999982 0
2.67299999999982 0
2.67399999999982 0
2.67499999999982 0
2.67599999999982 0
2.67699999999982 0
2.67799999999982 0
2.67899999999982 0
2.67999999999982 0
2.68099999999982 0
2.68199999999982 0
2.68299999999982 0
2.68399999999982 0
2.68499999999982 0
2.68599999999982 0
2.68699999999982 0
2.68799999999982 0
2.68899999999981 0
2.68999999999981 0
2.69099999999981 0
2.69199999999981 0
2.69299999999981 0
2.69399999999981 0
2.69499999999981 0
2.69599999999981 0
2.69699999999981 0
2.69799999999981 0
2.69899999999981 0
2.69999999999981 0
2.70099999999981 0
2.70199999999981 0
2.70299999999981 0
2.70399999999981 0
2.70499999999981 0
2.70599999999981 0
2.70699999999981 0
2.70799999999981 0
2.70899999999981 0
2.70999999999981 0
2.71099999999981 0
2.71199999999981 0
2.71299999999981 0
2.71399999999981 0
2.71499999999981 0
2.71599999999981 0
2.71699999999981 0
2.71799999999981 0
2.71899999999981 0
2.71999999999981 0
2.72099999999981 0
2.72199999999981 0
2.72299999999981 0
2.72399999999981 0
2.72499999999981 0
2.72599999999981 0
2.72699999999981 0
2.72799999999981 0
2.72899999999981 0
2.72999999999981 0
2.73099999999981 0
2.73199999999981 0
2.73299999999981 0
2.73399999999981 0
2.73499999999981 0
2.73599999999981 0
2.73699999999981 0
2.73799999999981 0
2.73899999999981 0
2.73999999999981 0
2.74099999999981 0
2.74199999999981 0
2.74299999999981 0
2.74399999999981 0
2.74499999999981 0
2.74599999999981 0
2.74699999999981 0
2.74799999999981 0
2.74899999999981 0
2.74999999999981 0
2.75099999999981 0
2.75199999999981 0
2.75299999999981 0
2.75399999999981 0
2.75499999999981 0
2.75599999999981 0
2.75699999999981 0
2.75799999999981 0
2.75899999999981 0
2.75999999999981 0
2.76099999999981 0
2.76199999999981 0
2.76299999999981 0
2.76399999999981 0
2.76499999999981 0
2.76599999999981 0
2.76699999999981 0
2.76799999999981 0
2.76899999999981 0
2.76999999999981 0
2.77099999999981 0
2.77199999999981 0
2.77299999999981 0
2.77399999999981 0
2.77499999999981 0
2.77599999999981 0
2.77699999999981 0
2.77799999999981 0
2.77899999999981 0
2.7799999999998 0
2.7809999999998 0
2.7819999999998 0
2.7829999999998 0
2.7839999999998 0
2.7849999999998 0
2.7859999999998 0
2.7869999999998 0
2.7879999999998 0
2.7889999999998 0
2.7899999999998 0
2.7909999999998 0
2.7919999999998 0
2.7929999999998 0
2.7939999999998 0
2.7949999999998 0
2.7959999999998 0
2.7969999999998 0
2.7979999999998 0
2.7989999999998 0
2.7999999999998 0
2.8009999999998 0
2.8019999999998 0
2.8029999999998 0
2.8039999999998 0
2.8049999999998 0
2.8059999999998 0
2.8069999999998 0
2.8079999999998 0
2.8089999999998 0
2.8099999999998 0
2.8109999999998 0
2.8119999999998 0
2.8129999999998 0
2.8139999999998 0
2.8149999999998 0
2.8159999999998 0
2.8169999999998 0
2.8179999999998 0
2.8189999999998 0
2.8199999999998 0
2.8209999999998 0
2.8219999999998 0
2.8229999999998 0
2.8239999999998 0
2.8249999999998 0
2.8259999999998 0
2.8269999999998 0
2.8279999999998 0
2.8289999999998 0
2.8299999999998 0
2.8309999999998 0
2.8319999999998 0
2.8329999999998 0
2.8339999999998 0
2.8349999999998 0
2.8359999999998 0
2.8369999999998 0
2.8379999999998 0
2.8389999999998 0
2.8399999999998 0
2.8409999999998 0
2.8419999999998 0
2.8429999999998 0
2.8439999999998 0
2.8449999999998 0
2.8459999999998 0
2.8469999999998 0
2.8479999999998 0
2.8489999999998 0
2.8499999999998 0
2.8509999999998 0
2.8519999999998 0
2.8529999999998 0
2.8539999999998 0
2.8549999999998 0
2.8559999999998 0
2.8569999999998 0
2.8579999999998 0
2.8589999999998 0
2.8599999999998 0
2.8609999999998 0
2.8619999999998 0
2.8629999999998 0
2.8639999999998 0
2.8649999999998 0
2.8659999999998 0
2.8669999999998 0
2.8679999999998 0
2.8689999999998 0
2.86999999999979 0
2.87099999999979 0
2.87199999999979 0
2.87299999999979 0
2.87399999999979 0
2.87499999999979 0
2.87599999999979 0
2.87699999999979 0
2.87799999999979 0
2.87899999999979 0
2.87999999999979 0
2.88099999999979 0
2.88199999999979 0
2.88299999999979 0
2.88399999999979 0
2.88499999999979 0
2.88599999999979 0
2.88699999999979 0
2.88799999999979 0
2.88899999999979 0
2.88999999999979 0
2.89099999999979 0
2.89199999999979 0
2.89299999999979 0
2.89399999999979 0
2.89499999999979 0
2.89599999999979 0
2.89699999999979 0
2.89799999999979 0
2.89899999999979 0
2.89999999999979 0
2.90099999999979 0
2.90199999999979 0
2.90299999999979 0
2.90399999999979 0
2.90499999999979 0
2.90599999999979 0
2.90699999999979 0
2.90799999999979 0
2.90899999999979 0
2.90999999999979 0
2.91099999999979 0
2.91199999999979 0
2.91299999999979 0
2.91399999999979 0
2.91499999999979 0
2.91599999999979 0
2.91699999999979 0
2.91799999999979 0
2.91899999999979 0
2.91999999999979 0
2.92099999999979 0
2.92199999999979 0
2.92299999999979 0
2.92399999999979 0
2.92499999999979 0
2.92599999999979 0
2.92699999999979 0
2.92799999999979 0
2.92899999999979 0
2.92999999999979 0
2.93099999999979 0
2.93199999999979 0
2.93299999999979 0
2.93399999999979 0
2.93499999999979 0
2.93599999999979 0
2.93699999999979 0
2.93799999999979 0
2.93899999999979 0
2.93999999999979 0
2.94099999999979 0
2.94199999999979 0
2.94299999999979 0
2.94399999999979 0
2.94499999999979 0
2.94599999999979 0
2.94699999999979 0
2.94799999999979 0
2.94899999999979 0
2.94999999999979 0
2.95099999999979 0
2.95199999999979 0
2.95299999999979 0
2.95399999999979 0
2.95499999999979 0
2.95599999999979 0
2.95699999999979 0
2.95799999999979 0
2.95899999999979 0
2.95999999999979 0
2.96099999999978 0
2.96199999999978 0
2.96299999999978 0
2.96399999999978 0
2.96499999999978 0
2.96599999999978 0
2.96699999999978 0
2.96799999999978 0
2.96899999999978 0
2.96999999999978 0
2.97099999999978 0
2.97199999999978 0
2.97299999999978 0
2.97399999999978 0
2.97499999999978 0
2.97599999999978 0
2.97699999999978 0
2.97799999999978 0
2.97899999999978 0
2.97999999999978 0
2.98099999999978 0
2.98199999999978 0
2.98299999999978 0
2.98399999999978 0
2.98499999999978 0
2.98599999999978 0
2.98699999999978 0
2.98799999999978 0
2.98899999999978 0
2.98999999999978 0
2.99099999999978 0
2.99199999999978 0
2.99299999999978 0
2.99399999999978 0
2.99499999999978 0
2.99599999999978 0
2.99699999999978 0
2.99799999999978 0
2.99899999999978 0
2.99999999999978 0
3.00099999999978 0
3.00199999999978 0
3.00299999999978 0
3.00399999999978 0
3.00499999999978 0
3.00599999999978 0
3.00699999999978 0
3.00799999999978 0
3.00899999999978 0
3.00999999999978 0
3.01099999999978 0
3.01199999999978 0
3.01299999999978 0
3.01399999999978 0
3.01499999999978 0
3.01599999999978 0
3.01699999999978 0
3.01799999999978 0
3.01899999999978 0
3.01999999999978 0
3.02099999999978 0
3.02199999999978 0
3.02299999999978 0
3.02399999999978 0
3.02499999999978 0
3.02599999999978 0
3.02699999999978 0
3.02799999999978 0
3.02899999999978 0
3.02999999999978 0
3.03099999999978 0
3.03199999999978 0
3.03299999999978 0
3.03399999999978 0
3.03499999999978 0
3.03599999999978 0
3.03699999999978 0
3.03799999999978 0
3.03899999999978 0
3.03999999999978 0
3.04099999999978 0
3.04199999999978 0
3.04299999999978 0
3.04399999999978 0
3.04499999999978 0
3.04599999999978 0
3.04699999999978 0
3.04799999999978 0
3.04899999999978 0
3.04999999999978 0
3.05099999999978 0
3.05199999999977 0
3.05299999999977 0
3.05399999999977 0
3.05499999999977 0
3.05599999999977 0
3.05699999999977 0
3.05799999999977 0
3.05899999999977 0
3.05999999999977 0
3.06099999999977 0
3.06199999999977 0
3.06299999999977 0
3.06399999999977 0
3.06499999999977 0
3.06599999999977 0
3.06699999999977 0
3.06799999999977 0
3.06899999999977 0
3.06999999999977 0
3.07099999999977 0
3.07199999999977 0
3.07299999999977 0
3.07399999999977 0
3.07499999999977 0
3.07599999999977 0
3.07699999999977 0
3.07799999999977 0
3.07899999999977 0
3.07999999999977 0
3.08099999999977 0
3.08199999999977 0
3.08299999999977 0
3.08399999999977 0
3.08499999999977 0
3.08599999999977 0
3.08699999999977 0
3.08799999999977 0
3.08899999999977 0
3.08999999999977 0
3.09099999999977 0
3.09199999999977 0
3.09299999999977 0
3.09399999999977 0
3.09499999999977 0
3.09599999999977 0
3.09699999999977 0
3.09799999999977 0
3.09899999999977 0
3.09999999999977 0
3.10099999999977 0
3.10199999999977 0
3.10299999999977 0
3.10399999999977 0
3.10499999999977 0
3.10599999999977 0
3.10699999999977 0
3.10799999999977 0
3.10899999999977 0
3.10999999999977 0
3.11099999999977 0
3.11199999999977 0
3.11299999999977 0
3.11399999999977 0
3.11499999999977 0
3.11599999999977 0
3.11699999999977 0
3.11799999999977 0
3.11899999999977 0
3.11999999999977 0
3.12099999999977 0
3.12199999999977 0
3.12299999999977 0
3.12399999999977 0
3.12499999999977 0
3.12599999999977 0
3.12699999999977 0
3.12799999999977 0
3.12899999999977 0
3.12999999999977 0
3.13099999999977 0
3.13199999999977 0
3.13299999999977 0
3.13399999999977 0
3.13499999999977 0
3.13599999999977 0
3.13699999999977 0
3.13799999999977 0
3.13899999999977 0
3.13999999999977 0
3.14099999999977 0
3.14199999999977 0
3.14299999999976 0
3.14399999999976 0
3.14499999999976 0
3.14599999999976 0
3.14699999999976 0
3.14799999999976 0
3.14899999999976 0
3.14999999999976 0
3.15099999999976 0
3.15199999999976 0
3.15299999999976 0
3.15399999999976 0
3.15499999999976 0
3.15599999999976 0
3.15699999999976 0
3.15799999999976 0
3.15899999999976 0
3.15999999999976 0
3.16099999999976 0
3.16199999999976 0
3.16299999999976 0
3.16399999999976 0
3.16499999999976 0
3.16599999999976 0
3.16699999999976 0
3.16799999999976 0
3.16899999999976 0
3.16999999999976 0
3.17099999999976 0
3.17199999999976 0
3.17299999999976 0
3.17399999999976 0
3.17499999999976 0
3.17599999999976 0
3.17699999999976 0
3.17799999999976 0
3.17899999999976 0
3.17999999999976 0
3.18099999999976 0
3.18199999999976 0
3.18299999999976 0
3.18399999999976 0
3.18499999999976 0
3.18599999999976 0
3.18699999999976 0
3.18799999999976 0
3.18899999999976 0
3.18999999999976 0
3.19099999999976 0
3.19199999999976 0
3.19299999999976 0
3.19399999999976 0
3.19499999999976 0
3.19599999999976 0
3.19699999999976 0
3.19799999999976 0
3.19899999999976 0
3.19999999999976 0
3.20099999999976 0
3.20199999999976 0
3.20299999999976 0
3.20399999999976 0
3.20499999999976 0
3.20599999999976 0
3.20699999999976 0
3.20799999999976 0
3.20899999999976 0
3.20999999999976 0
3.21099999999976 0
3.21199999999976 0
3.21299999999976 0
3.21399999999976 0
3.21499999999976 0
3.21599999999976 0
3.21699999999976 0
3.21799999999976 0
3.21899999999976 0
3.21999999999976 0
3.22099999999976 0
3.22199999999976 0
3.22299999999976 0
3.22399999999976 0
3.22499999999976 0
3.22599999999976 0
3.22699999999976 0
3.22799999999976 0
3.22899999999976 0
3.22999999999976 0
3.23099999999976 0
3.23199999999976 0
3.23299999999976 0
3.23399999999975 0
3.23499999999975 0
3.23599999999975 0
3.23699999999975 0
3.23799999999975 0
3.23899999999975 0
3.23999999999975 0
3.24099999999975 0
3.24199999999975 0
3.24299999999975 0
3.24399999999975 0
3.24499999999975 0
3.24599999999975 0
3.24699999999975 0
3.24799999999975 0
3.24899999999975 0
3.24999999999975 0
3.25099999999975 0
3.25199999999975 0
3.25299999999975 0
3.25399999999975 0
3.25499999999975 0
3.25599999999975 0
3.25699999999975 0
3.25799999999975 0
3.25899999999975 0
3.25999999999975 0
3.26099999999975 0
3.26199999999975 0
3.26299999999975 0
3.26399999999975 0
3.26499999999975 0
3.26599999999975 0
3.26699999999975 0
3.26799999999975 0
3.26899999999975 0
3.26999999999975 0
3.27099999999975 0
3.27199999999975 0
3.27299999999975 0
3.27399999999975 0
3.27499999999975 0
3.27599999999975 0
3.27699999999975 0
3.27799999999975 0
3.27899999999975 0
3.27999999999975 0
3.28099999999975 0
3.28199999999975 0
3.28299999999975 0
3.28399999999975 0
3.28499999999975 0
3.28599999999975 0
3.28699999999975 0
3.28799999999975 0
3.28899999999975 0
3.28999999999975 0
3.29099999999975 0
3.29199999999975 0
3.29299999999975 0
3.29399999999975 0
3.29499999999975 0
3.29599999999975 0
3.29699999999975 0
3.29799999999975 0
3.29899999999975 0
3.29999999999975 0
3.30099999999975 0
3.30199999999975 0
3.30299999999975 0
3.30399999999975 0
3.30499999999975 0
3.30599999999975 0
3.30699999999975 0
3.30799999999975 0
3.30899999999975 0
3.30999999999975 0
3.31099999999975 0
3.31199999999975 0
3.31299999999975 0
3.31399999999975 0
3.31499999999975 0
3.31599999999975 0
3.31699999999975 0
3.31799999999975 0
3.31899999999975 0
3.31999999999975 0
3.32099999999975 0
3.32199999999975 0
3.32299999999975 0
3.32399999999974 0
3.32499999999974 0
3.32599999999974 0
3.32699999999974 0
3.32799999999974 0
3.32899999999974 0
3.32999999999974 0
3.33099999999974 0
3.33199999999974 0
3.33299999999974 0
3.33399999999974 0
3.33499999999974 0
3.33599999999974 0
3.33699999999974 0
3.33799999999974 0
3.33899999999974 0
3.33999999999974 0
3.34099999999974 0
3.34199999999974 0
3.34299999999974 0
3.34399999999974 0
3.34499999999974 0
3.34599999999974 0
3.34699999999974 0
3.34799999999974 0
3.34899999999974 0
3.34999999999974 0
3.35099999999974 0
3.35199999999974 0
3.35299999999974 0
3.35399999999974 0
3.35499999999974 0
3.35599999999974 0
3.35699999999974 0
3.35799999999974 0
3.35899999999974 0
3.35999999999974 0
3.36099999999974 0
3.36199999999974 0
3.36299999999974 0
3.36399999999974 0
3.36499999999974 0
3.36599999999974 0
3.36699999999974 0
3.36799999999974 0
3.36899999999974 0
3.36999999999974 0
3.37099999999974 0
3.37199999999974 0
3.37299999999974 0
3.37399999999974 0
3.37499999999974 0
3.37599999999974 0
3.37699999999974 0
3.37799999999974 0
3.37899999999974 0
3.37999999999974 0
3.38099999999974 0
3.38199999999974 0
3.38299999999974 0
3.38399999999974 0
3.38499999999974 0
3.38599999999974 0
3.38699999999974 0
3.38799999999974 0
3.38899999999974 0
3.38999999999974 0
3.39099999999974 0
3.39199999999974 0
3.39299999999974 0
3.39399999999974 0
3.39499999999974 0
3.39599999999974 0
3.39699999999974 0
3.39799999999974 0
3.39899999999974 0
3.39999999999974 0
3.40099999999974 0
3.40199999999974 0
3.40299999999974 0
3.40399999999974 0
3.40499999999974 0
3.40599999999974 0
3.40699999999974 0
3.40799999999974 0
3.40899999999974 0
3.40999999999974 0
3.41099999999974 0
3.41199999999974 0
3.41299999999974 0
3.41399999999974 0
3.41499999999973 0
3.41599999999973 0
3.41699999999973 0
3.41799999999973 0
3.41899999999973 0
3.41999999999973 0
3.42099999999973 0
3.42199999999973 0
3.42299999999973 0
3.42399999999973 0
3.42499999999973 0
3.42599999999973 0
3.42699999999973 0
3.42799999999973 0
3.42899999999973 0
3.42999999999973 0
3.43099999999973 0
3.43199999999973 0
3.43299999999973 0
3.43399999999973 0
3.43499999999973 0
3.43599999999973 0
3.43699999999973 0
3.43799999999973 0
3.43899999999973 0
3.43999999999973 0
3.44099999999973 0
3.44199999999973 0
3.44299999999973 0
3.44399999999973 0
3.44499999999973 0
3.44599999999973 0
3.44699999999973 0
3.44799999999973 0
3.44899999999973 0
3.44999999999973 0
3.45099999999973 0
3.45199999999973 0
3.45299999999973 0
3.45399999999973 0
3.45499999999973 0
3.45599999999973 0
3.45699999999973 0
3.45799999999973 0
3.45899999999973 0
3.45999999999973 0
3.46099999999973 0
3.46199999999973 0
3.46299999999973 0
3.46399999999973 0
3.46499999999973 0
3.46599999999973 0
3.46699999999973 0
3.46799999999973 0
3.46899999999973 0
3.46999999999973 0
3.47099999999973 0
3.47199999999973 0
3.47299999999973 0
3.47399999999973 0
3.47499999999973 0
3.47599999999973 0
3.47699999999973 0
3.47799999999973 0
3.47899999999973 0
3.47999999999973 0
3.48099999999973 0
3.48199999999973 0
3.48299999999973 0
3.48399999999973 0
3.48499999999973 0
3.48599999999973 0
3.48699999999973 0
3.48799999999973 0
3.48899999999973 0
3.48999999999973 0
3.49099999999973 0
3.49199999999973 0
3.49299999999973 0
3.49399999999973 0
3.49499999999973 0
3.49599999999973 0
3.49699999999973 0
3.49799999999973 0
3.49899999999973 0
3.49999999999973 0
3.50099999999973 0
3.50199999999973 0
3.50299999999973 0
3.50399999999973 0
3.50499999999973 0
3.50599999999972 0
3.50699999999972 0
3.50799999999972 0
3.50899999999972 0
3.50999999999972 0
3.51099999999972 0
3.51199999999972 0
3.51299999999972 0
3.51399999999972 0
3.51499999999972 0
3.51599999999972 0
3.51699999999972 0
3.51799999999972 0
3.51899999999972 0
3.51999999999972 0
3.52099999999972 0
3.52199999999972 0
3.52299999999972 0
3.52399999999972 0
3.52499999999972 0
3.52599999999972 0
3.52699999999972 0
3.52799999999972 0
3.52899999999972 0
3.52999999999972 0
3.53099999999972 0
3.53199999999972 0
3.53299999999972 0
3.53399999999972 0
3.53499999999972 0
3.53599999999972 0
3.53699999999972 0
3.53799999999972 0
3.53899999999972 0
3.53999999999972 0
3.54099999999972 0
3.54199999999972 0
3.54299999999972 0
3.54399999999972 0
3.54499999999972 0
3.54599999999972 0
3.54699999999972 0
3.54799999999972 0
3.54899999999972 0
3.54999999999972 0
3.55099999999972 0
3.55199999999972 0
3.55299999999972 0
3.55399999999972 0
3.55499999999972 0
3.55599999999972 0
3.55699999999972 0
3.55799999999972 0
3.55899999999972 0
3.55999999999972 0
3.56099999999972 0
3.56199999999972 0
3.56299999999972 0
3.56399999999972 0
3.56499999999972 0
3.56599999999972 0
3.56699999999972 0
3.56799999999972 0
3.56899999999972 0
3.56999999999972 0
3.57099999999972 0
3.57199999999972 0
3.57299999999972 0
3.57399999999972 0
3.57499999999972 0
3.57599999999972 0
3.57699999999972 0
3.57799999999972 0
3.57899999999972 0
3.57999999999972 0
3.58099999999972 0
3.58199999999972 0
3.58299999999972 0
3.58399999999972 0
3.58499999999972 0
3.58599999999972 0
3.58699999999972 0
3.58799999999972 0
3.58899999999972 0
3.58999999999972 0
3.59099999999972 0
3.59199999999972 0
3.59299999999972 0
3.59399999999972 0
3.59499999999972 0
3.59599999999972 0
3.59699999999971 0
3.59799999999971 0
3.59899999999971 0
3.59999999999971 0
3.60099999999971 0
3.60199999999971 0
3.60299999999971 0
3.60399999999971 0
3.60499999999971 0
3.60599999999971 0
3.60699999999971 0
3.60799999999971 0
3.60899999999971 0
3.60999999999971 0
3.61099999999971 0
3.61199999999971 0
3.61299999999971 0
3.61399999999971 0
3.61499999999971 0
3.61599999999971 0
3.61699999999971 0
3.61799999999971 0
3.61899999999971 0
3.61999999999971 0
3.62099999999971 0
3.62199999999971 0
3.62299999999971 0
3.62399999999971 0
3.62499999999971 0
3.62599999999971 0
3.62699999999971 0
3.62799999999971 0
3.62899999999971 0
3.62999999999971 0
3.63099999999971 0
3.63199999999971 0
3.63299999999971 0
3.63399999999971 0
3.63499999999971 0
3.63599999999971 0
3.63699999999971 0
3.63799999999971 0
3.63899999999971 0
3.63999999999971 0
3.64099999999971 0
3.64199999999971 0
3.64299999999971 0
3.64399999999971 0
3.64499999999971 0
3.64599999999971 0
3.64699999999971 0
3.64799999999971 0
3.64899999999971 0
3.64999999999971 0
3.65099999999971 0
3.65199999999971 0
3.65299999999971 0
3.65399999999971 0
3.65499999999971 0
3.65599999999971 0
3.65699999999971 0
3.65799999999971 0
3.65899999999971 0
3.65999999999971 0
3.66099999999971 0
3.66199999999971 0
3.66299999999971 0
3.66399999999971 0
3.66499999999971 0
3.66599999999971 0
3.66699999999971 0
3.66799999999971 0
3.66899999999971 0
3.66999999999971 0
3.67099999999971 0
3.67199999999971 0
3.67299999999971 0
3.67399999999971 0
3.67499999999971 0
3.67599999999971 0
3.67699999999971 0
3.67799999999971 0
3.67899999999971 0
3.67999999999971 0
3.68099999999971 0
3.68199999999971 0
3.68299999999971 0
3.68399999999971 0
3.68499999999971 0
3.68599999999971 0
3.68699999999971 0
3.6879999999997 0
3.6889999999997 0
3.6899999999997 0
3.6909999999997 0
3.6919999999997 0
3.6929999999997 0
3.6939999999997 0
3.6949999999997 0
3.6959999999997 0
3.6969999999997 0
3.6979999999997 0
3.6989999999997 0
3.6999999999997 0
3.7009999999997 0
3.7019999999997 0
3.7029999999997 0
3.7039999999997 0
3.7049999999997 0
3.7059999999997 0
3.7069999999997 0
3.7079999999997 0
3.7089999999997 0
3.7099999999997 0
3.7109999999997 0
3.7119999999997 0
3.7129999999997 0
3.7139999999997 0
3.7149999999997 0
3.7159999999997 0
3.7169999999997 0
3.7179999999997 0
3.7189999999997 0
3.7199999999997 0
3.7209999999997 0
3.7219999999997 0
3.7229999999997 0
3.7239999999997 0
3.7249999999997 0
3.7259999999997 0
3.7269999999997 0
3.7279999999997 0
3.7289999999997 0
3.7299999999997 0
3.7309999999997 0
3.7319999999997 0
3.7329999999997 0
3.7339999999997 0
3.7349999999997 0
3.7359999999997 0
3.7369999999997 0
3.7379999999997 0
3.7389999999997 0
3.7399999999997 0
3.7409999999997 0
3.7419999999997 0
3.7429999999997 0
3.7439999999997 0
3.7449999999997 0
3.7459999999997 0
3.7469999999997 0
3.7479999999997 0
3.7489999999997 0
3.7499999999997 0
3.7509999999997 0
3.7519999999997 0
3.7529999999997 0
3.7539999999997 0
3.7549999999997 0
3.7559999999997 0
3.7569999999997 0
3.7579999999997 0
3.7589999999997 0
3.7599999999997 0
3.7609999999997 0
3.7619999999997 0
3.7629999999997 0
3.7639999999997 0
3.7649999999997 0
3.7659999999997 0
3.7669999999997 0
3.7679999999997 0
3.7689999999997 0
3.7699999999997 0
3.7709999999997 0
3.7719999999997 0
3.7729999999997 0
3.7739999999997 0
3.7749999999997 0
3.7759999999997 0
3.7769999999997 0
3.77799999999969 0
3.77899999999969 0
3.77999999999969 0
3.78099999999969 0
3.78199999999969 0
3.78299999999969 0
3.78399999999969 0
3.78499999999969 0
3.78599999999969 0
3.78699999999969 0
3.78799999999969 0
3.78899999999969 0
3.78999999999969 0
3.79099999999969 0
3.79199999999969 0
3.79299999999969 0
3.79399999999969 0
3.79499999999969 0
3.79599999999969 0
3.79699999999969 0
3.79799999999969 0
3.79899999999969 0
3.79999999999969 0
3.80099999999969 0
3.80199999999969 0
3.80299999999969 0
3.80399999999969 0
3.80499999999969 0
3.80599999999969 0
3.80699999999969 0
3.80799999999969 0
3.80899999999969 0
3.80999999999969 0
3.81099999999969 0
3.81199999999969 0
3.81299999999969 0
3.81399999999969 0
3.81499999999969 0
3.81599999999969 0
3.81699999999969 0
3.81799999999969 0
3.81899999999969 0
3.81999999999969 0
3.82099999999969 0
3.82199999999969 0
3.82299999999969 0
3.82399999999969 0
3.82499999999969 0
3.82599999999969 0
3.82699999999969 0
3.82799999999969 0
3.82899999999969 0
3.82999999999969 0
3.83099999999969 0
3.83199999999969 0
3.83299999999969 0
3.83399999999969 0
3.83499999999969 0
3.83599999999969 0
3.83699999999969 0
3.83799999999969 0
3.83899999999969 0
3.83999999999969 0
3.84099999999969 0
3.84199999999969 0
3.84299999999969 0
3.84399999999969 0
3.84499999999969 0
3.84599999999969 0
3.84699999999969 0
3.84799999999969 0
3.84899999999969 0
3.84999999999969 0
3.85099999999969 0
3.85199999999969 0
3.85299999999969 0
3.85399999999969 0
3.85499999999969 0
3.85599999999969 0
3.85699999999969 0
3.85799999999969 0
3.85899999999969 0
3.85999999999969 0
3.86099999999969 0
3.86199999999969 0
3.86299999999969 0
3.86399999999969 0
3.86499999999969 0
3.86599999999969 0
3.86699999999969 0
3.86799999999969 0
3.86899999999968 0
3.86999999999968 0
3.87099999999968 0
3.87199999999968 0
3.87299999999968 0
3.87399999999968 0
3.87499999999968 0
3.87599999999968 0
3.87699999999968 0
3.87799999999968 0
3.87899999999968 0
3.87999999999968 0
3.88099999999968 0
3.88199999999968 0
3.88299999999968 0
3.88399999999968 0
3.88499999999968 0
3.88599999999968 0
3.88699999999968 0
3.88799999999968 0
3.88899999999968 0
3.88999999999968 0
3.89099999999968 0
3.89199999999968 0
3.89299999999968 0
3.89399999999968 0
3.89499999999968 0
3.89599999999968 0
3.89699999999968 0
3.89799999999968 0
3.89899999999968 0
3.89999999999968 0
3.90099999999968 0
3.90199999999968 0
3.90299999999968 0
3.90399999999968 0
3.90499999999968 0
3.90599999999968 0
3.90699999999968 0
3.90799999999968 0
3.90899999999968 0
3.90999999999968 0
3.91099999999968 0
3.91199999999968 0
3.91299999999968 0
3.91399999999968 0
3.91499999999968 0
3.91599999999968 0
3.91699999999968 0
3.91799999999968 0
3.91899999999968 0
3.91999999999968 0
3.92099999999968 0
3.92199999999968 0
3.92299999999968 0
3.92399999999968 0
3.92499999999968 0
3.92599999999968 0
3.92699999999968 0
3.92799999999968 0
3.92899999999968 0
3.92999999999968 0
3.93099999999968 0
3.93199999999968 0
3.93299999999968 0
3.93399999999968 0
3.93499999999968 0
3.93599999999968 0
3.93699999999968 0
3.93799999999968 0
3.93899999999968 0
3.93999999999968 0
3.94099999999968 0
3.94199999999968 0
3.94299999999968 0
3.94399999999968 0
3.94499999999968 0
3.94599999999968 0
3.94699999999968 0
3.94799999999968 0
3.94899999999968 0
3.94999999999968 0
3.95099999999968 0
3.95199999999968 0
3.95299999999968 0
3.95399999999968 0
3.95499999999968 0
3.95599999999968 0
3.95699999999968 0
3.95799999999968 0
3.95899999999968 0
3.95999999999967 0
3.96099999999967 0
3.96199999999967 0
3.96299999999967 0
3.96399999999967 0
3.96499999999967 0
3.96599999999967 0
3.96699999999967 0
3.96799999999967 0
3.96899999999967 0
3.96999999999967 0
3.97099999999967 0
3.97199999999967 0
3.97299999999967 0
3.97399999999967 0
3.97499999999967 0
3.97599999999967 0
3.97699999999967 0
3.97799999999967 0
3.97899999999967 0
3.97999999999967 0
3.98099999999967 0
3.98199999999967 0
3.98299999999967 0
3.98399999999967 0
3.98499999999967 0
3.98599999999967 0
3.98699999999967 0
3.98799999999967 0
3.98899999999967 0
3.98999999999967 0
3.99099999999967 0
3.99199999999967 0
3.99299999999967 0
3.99399999999967 0
3.99499999999967 0
3.99599999999967 0
3.99699999999967 0
3.99799999999967 0
3.99899999999967 0
3.99999999999967 0
