1E-06 9.99999E-07
0.0049682731937638 0.00494358949224601
0.0097046552436684 0.00961070039663381
0.0143161408232437 0.0141122255875142
0.0188643848909463 0.0185112259103236
0.0233862615947681 0.0228448452489414
0.02790424638955 0.027135295445273
0.0324322303906243 0.0313959581157501
0.0369789024580103 0.0356349056239842
0.0415497665403218 0.0398569843609574
0.0461483647505437 0.0440650674660898
0.0507770266502502 0.0482608158849513
0.0554373313114645 0.052445143711355
0.0601303934451643 0.0566185038509888
0.0648570410561359 0.0607810638104313
0.0696179259422692 0.0649328140290547
0.0744135925122627 0.0690736346943242
0.07924452069242 0.0732033369675949
0.0841111527112596 0.0773216884233456
0.089013909847452 0.081428428744394
0.0939532029281177 0.0855232794010065
0.0989294389356157 0.0896059496149727
0.103943025191753 0.0936761400293763
0.108994372034682 0.0977335449613509
0.114083894558857 0.101777853779554
0.119212013773585 0.105808751740871
0.124379157401786 0.109825920492881
0.129585760457189 0.113829038369583
0.134832265686186 0.117817780559079
0.140119123928192 0.121791819191776
0.145446794428172 0.12575082337904
0.150815745122437 0.129694459220792
0.156226452910973 0.133622389793377
0.161676757094408 0.137532387693629
0.167154710939321 0.141415411493374
0.172652840191244 0.145265946526378
0.178166508698471 0.149080687942869
0.183692871309412 0.152857707024656
0.18923020881037 0.15659592798416
0.194777507845798 0.16029480145222
0.20033419654912 0.163954101484796
0.205899978593698 0.167573799710555
0.211474729229597 0.171153987481099
0.217058430266248 0.174694827818023
0.222651129483855 0.178196525822243
0.228252915347936 0.181659310505644
0.233863901299838 0.185083423679731
0.239484216032936 0.188469113197857
0.245113997505885 0.191816628878467
0.250753389285622 0.195126220075649
0.256402538340102 0.198398134258702
0.262061593730842 0.201632616207113
0.26773070586205 0.20482990757854
0.273410026072332 0.207990246700832
0.279099706435802 0.211113868496766
0.28479989968987 0.214201004485739
0.290510759238524 0.217251882828504
0.296232439199529 0.220266728394552
0.301965094476237 0.223245762839911
0.307708880842259 0.226189204688254
0.313463955031986 0.229097269411197
0.319230474832848 0.231970169505588
0.325008599176975 0.234808114566638
0.330798488231019 0.237611311356452
0.336600303483557 0.240379963867844
0.342414207829877 0.243114273383574
0.348240365654167 0.245814438531223
0.354078942909279 0.24848065533399
0.359930107194262 0.251113117257705
0.365794027829936 0.25371201525434
0.371670875932732 0.256277537802305
0.377560824487077 0.258809870943773
0.38346404841653 0.261309198319289
0.389380724653925 0.263775701199848
0.395311032210704 0.266209558516668
0.401255152245643 0.268610946888815
0.407213268133168 0.270980040648839
0.413185565531399 0.27331701186658
0.419172232450108 0.275622030371247
0.425173459318719 0.277895263771914
0.431189439054497 0.280136877476518
0.437220367131051 0.282347034709461
0.443266441647279 0.284525896527901
0.449327863396863 0.286673621836806
0.455404835938432 0.288790367402851
0.461497565666502 0.290876287867199
0.467606261883287 0.29293153575725
0.473731136871487 0.294956261497383
0.479872405968152 0.296950613418757
0.486030287639705 0.298914737768198
0.49220500355824 0.300848778716222
0.498396778679155 0.302752878364214
0.504605841320246 0.304627176750805
0.510832423242324 0.306471811857464
0.517076759731458 0.308286919613337
0.523339089682941 0.310072633899347
0.529619655687054 0.31182908655158
0.535918704116732 0.313556407363966
0.542236485217224 0.31525472409028
0.548573253197836 0.316924162445459
0.554929266325854 0.318564846106264
0.561304787022753 0.320176896711279
0.567700081962779 0.321760433860264
0.574115422174016 0.323315575112868
0.580551083142037 0.32484243598669
0.587007344916257 0.326341129954718
0.593484492219076 0.327811768442115
0.599982814557959 0.329254460822384
0.60650260634054 0.330669314412881
0.613044166992887 0.332056434469692
0.619607801081054 0.333415924181865
0.626193818436046 0.334747884664991
0.632802534282334 0.336052414954125
0.639434269370052 0.337329611996045
0.646089350111038 0.338579570640838
0.652768108718853 0.339802383632804
0.659470883352942 0.340998141600662
0.666198018267098 0.342166933047055
0.6729498639624 0.343308844337339
0.679726777344804 0.344423959687628
0.68652912188756 0.345512361152107
0.693357267798661 0.34657412860957
0.700211592193514 0.347609339749177
0.707092479273043 0.348618070055415
0.714000320507447 0.349600392792236
0.720935514825834 0.350556378986352
0.727898468811975 0.351486097409667
0.734889596906419 0.352389614560819
0.741909321615233 0.35326699464581
0.748958073725646 0.354118299557692
0.756036292528866 0.354943588855288
0.763144426050384 0.355742919740911
0.770282931288065 0.356516347037052
0.777452274458367 0.357263923162004
0.78465293125101 0.357985698104389
0.791885387092487 0.35868171939655
0.799150137418759 0.359352032086761
0.80644768795756 0.359996678710227
0.813778555020714 0.360615699258827
0.821143265806902 0.361209131149545
0.828542358715345 0.361777009191554
0.835976383670887 0.362319365551898
0.843445902460978 0.362836229719716
0.850951489085103 0.363327628468951
0.858493730117215 0.363793585819502
0.866073225081771 0.364234122996728
0.873690586843991 0.364649258389268
0.881346442015001 0.365039007505085
0.889041431372565 0.365403382925684
0.896776210298121 0.365742394258405
0.904551449230919 0.366056048086727
0.912367834140062 0.366344347918494
0.92022606701532 0.366607294131972
0.928126866377636 0.366844883919638
0.936070967810279 0.367057111229618
0.944059124511681 0.367243966704645
0.952092107871029 0.36740543761845
0.960170708067756 0.367541507809448
0.968295734696165 0.367652157611609
0.976468017416446 0.36773736378238
0.984688406633471 0.367797099427507
0.992957774204814 0.367831333922631
1.00127701417952 0.367840032831482
1.00964905495231 0.367823150675971
1.018086946268 0.367780547405845
1.02659936704783 0.367711976547713
1.03519231289065 0.367617132412015
1.04387013423066 0.367495675761256
1.05263617853796 0.367347247570397
1.06149318913773 0.367171476226625
1.07044355369264 0.366967981145316
1.07948945954964 0.366736374454386
1.08863299129643 0.366476261656839
1.09787619243796 0.366187241766209
1.10722110480296 0.365868907178997
1.11666979414611 0.365520843421395
1.12622436721699 0.365142628838876
1.13588698358118 0.364733834260761
1.14565986424374 0.364294022652982
1.15554529835658 0.363822748762943
1.1655456488135 0.36331955875595
1.17566335723922 0.362783989840893
1.18590094869434 0.362215569882186
1.19626103630372 0.36161381699495
1.20674632594534 0.360978239120477
1.21735962109328 0.360308333579202
1.22810382788259 0.359603586598486
1.23898196044815 0.358863472812586
1.24999714658128 0.35808745473213
1.2611526337433 0.357274982180358
1.27245179547413 0.356425491693227
1.28389813823409 0.355538405880289
1.29549530871912 0.354613132743015
1.30724710169233 0.353649064946922
1.31915746837838 0.352645579043546
1.33123052547166 0.351602034637916
1.34347056481427 0.350517773496716
1.35588206380578 0.349392118591861
1.36846969661321 0.348224373073625
1.38123834625777 0.347013819166824
1.39419311766285 0.345759716982854
1.40733935175822 0.344461303239536
1.42068264074608 0.343117789879839
1.4342288446477 0.341728362579454
1.4479841092634 0.34029217913203
1.46195488569583 0.338808367699493
1.47614795160492 0.337276024913325
1.49057043438529 0.335694213810859
1.5052298364816 0.334061961588605
1.52013406308686 0.33237825715224
1.53529145250224 0.330642048440114
1.55071080947616 0.328852239493977
1.5664014418862 0.327007687246876
1.58237320118092 0.32510719799385
1.59863652706115 0.323149523505982
1.61520249695447 0.321133356742382
1.63208288092383 0.319057327107648
1.64929020275463 0.316919995194003
1.66683780808814 0.314719846937428
1.68473994061648 0.31245528710524
1.70301182753169 0.310124632018437
1.72166977563494 0.307726101395012
1.74073127977141 0.305257809179801
1.76021514557205 0.302717753201254
1.78014162887068 0.30010380346481
1.80053259464152 0.297413688854679
1.82141169889381 0.294644981969057
1.84280459769756 0.291795081755493
1.8647391884408 0.288861193540002
1.88724588959094 0.285840305951206
1.91035796672649 0.282729164123265
1.93411191452582 0.27952423841053
1.95854790688923 0.276221687651636
1.98371033062899 0.272817315765562
2.00964842247055 0.269306520125264
2.03641703486683 0.265684229704755
2.06407756391728 0.261944830387871
2.09269908335651 0.258082073995457
2.12235974340795 0.254088966433473
2.15314851422546 0.249957628737414
2.18516738368112 0.245679122455226
2.21853416317881 0.241243227401438
2.25338612075466 0.236638154727383
2.28988476096034 0.231850170479311
2.32822222831077 0.226863092621582
2.36863006538591 0.221657604784968
2.4113914822342 0.216210296996239
2.45685903484753 0.210492286133268
2.50548096324044 0.204467163770385
2.55784205155378 0.198087815897364
2.6147302735889 0.191291237990479
2.67390539689059 0.184375976712209
2.73386226376595 0.177535417042882
2.79373370706134 0.170875643850465
2.85309101485102 0.164444922662817
2.91177538035516 0.15825747018722
2.96978040137454 0.152309399263519
3.02717840135137 0.146588331066569
3.08407741645191 0.141078759633523
3.14059756248138 0.135764835954983
3.19685891322944 0.130631681985672
3.25297591352717 0.125665909625179
3.30905534976821 0.120855733003619
3.36519616244159 0.116190888569846
3.42149014260375 0.111662477029051
3.47802299468292 0.107262785019445
3.53487549816051 0.102985113897769
3.59212463962096 0.0988236269206554
3.64984466187673 0.0947732179805584
3.70810801618103 0.0908294012139943
3.76698622299503 0.0869882192069606
3.82655065552915 0.0832461670622701
3.88687326348504 0.0796001296674946
3.94802725494617 0.0760473297972452
4.01008775376452 0.0725852850423094
4.0731324489007 0.0692117719067331
4.13724225143103 0.0659247957217333
4.20250197456034 0.0627225652835317
4.26900105209307 0.0596034713321355
4.33683431149499 0.0565660681551182
4.40610281899476 0.0536090577310057
4.47691481621931 0.0507312759269574
4.54938677075518 0.047931680340061
4.62364456696253 0.0452093394245078
4.69982486859548 0.0425634225806375
4.77807669166818 0.0399931908974523
4.85856323506156 0.0374979882373215
4.94146402831931 0.0350772323281072
5.02697747196732 0.0327304054794987
5.11532386700371 0.0304570444594895
5.20674905913169 0.0282567289417149
5.3015288630961 0.0261290677459072
5.39997448806068 0.0240736818122703
5.50243926394269 0.0220901824286869
5.60932708305393 0.0201781425905016
5.72110314083645 0.0183370583889459
5.838307816568 0.0165662957801253
5.96157493587391 0.0148650156044562
6.09165630206908 0.013232065624582
6.22945545920664 0.0116658213477798
6.37607551892529 0.0101639449837204
6.53288929007672 0.0087230088646298
6.70164652149164 0.00733788459679821
6.88464663993876 0.00600070504850738
7.08491034708414 0.00469975454730054
7.30191105010788 0.0034415825714771
7.53552083493352 0.00221732319575805
7.78544238970124 0.001004700057815
8 -7.08603726910784E-12
