0 1.35865316575087
1 1.88706396717618
2 1.93572783515432
3 1.92427229346601
4 1.9046888016069
5 1.8799805218084
6 1.8495734933998
7 1.81259338224753
8 1.76819487143412
9 1.71568308302951
10 1.65463446471588
11 1.58501714659392
12 1.50728550778634
13 1.4224195693308
14 1.33188775620396
15 1.23753033108021
16 1.1413838307039
17 1.04548393961853
18 0.951687705997666
19 0.861545473896543
20 0.776234879723782
21 0.696552218956669
22 0.622945994677126
23 0.555574511977552
24 0.494371817430589
25 0.439111084671231
26 0.38945940563936
27 0.345021700082423
28 0.305373843839742
29 0.270086355906693
30 0.238740436682689
31 0.210938144693166
32 0.186308274060747
33 0.164509196736671
34 0.145229640444176
35 0.12818812018666
36 0.113131538048976
37 0.0998333106044546
38 0.0880912682904112
39 0.0777254882634728
40 0.0685761637811635
41 0.0605015726705582
42 0.0533761799227304
43 0.0470888911144388
44 0.0415414614337153
45 0.0366470575787659
46 0.0323289652955089
47 0.0285194328272996
48 0.0251586393839451
49 0.0221937774242128
50 0.0195782377658026
51 0.0172708870732045
52 0.0152354279834861
53 0.0134398329189608
54 0.0118558434437927
55 0.0104585278116568
56 0.00922589010160487
57 0.00813852503741297
58 0.0071793132266169
59 0.00633315213806328
60 0.00558671866258843
61 0.00492825957338624
62 0.00434740662453478
63 0.00383501340216182
64 0.00338301137706063
65 0.00298428290429556
66 0.00263254917833554
67 0.00232227138510965
68 0.00204856349836736
69 0.00180711534984431
70 0.00159412476366162
71 0.00140623768753319
72 0.00124049537888249
73 0.00109428781478823
74 0.000965312592497457
75 0.000851538673577479
76 0.000751174400961043
77 0.000662639285367939
78 0.000584539116901485
79 0.000515644009950362
80 0.000454869035700878
81 0.000401257137299474
82 0.000353964058642079
83 0.000312245049467731
84 0.000275443137406291
85 0.000242978782298578
86 0.000214340749874621
87 0.000189078061077476
88 0.000166792890253288
89 0.000147134300374965
90 0.000129792716645317
91 0.000114495051452751
92 0.000101000403910622
93 8.90962662564603E-05
94 7.85951773752417E-05
95 6.93317707451454E-05
96 6.11601703183906E-05
97 5.39516933301541E-05
98 4.75928238584375E-05
99 4.19834252265303E-05
100 3.70351630946771E-05
101 3.26701144088744E-05
102 2.88195403042352E-05
103 2.54228036350665E-05
104 2.24264140870607E-05
105 1.97831858365211E-05
106 1.74514944887627E-05
107 1.53946215947688E-05
108 1.35801764253551E-05
109 1.19795858966293E-05
110 1.05676446138937E-05
111 9.32211794730325E-06
112 8.22339189081342E-06
113 7.25416419023338E-06
114 6.39917187426848E-06
115 5.64495090006549E-06
116 4.97962412801389E-06
117 4.39271428502979E-06
118 3.87497897313375E-06
119 3.41826512437363E-06
120 3.01538061013952E-06
121 2.6599809824377E-06
122 2.34646956427975E-06
123 2.06990931622101E-06
124 1.82594508916637E-06
125 1.61073504180197E-06
126 1.42089014079092E-06
127 1.2534207920079E-06
128 1.10568976236671E-06
129 9.75370648360081E-07
