0 0.977084676327465 0.0379984235222288
1 0.0797286554203607 0.0707625577716371
2 0.00857775323564649 0.0209213497645351
3 0.00445664478592828 0.00585545152307532
4 0.00235531807407898 0.00162368094483512
5 0.00124097639857632 0.000449348001989591
6 0.00065298734618031 0.000124312531834647
7 0.000343450778082043 3.44046090852146E-05
8 0.00018062219849333 9.53923018087721E-06
9 9.49866723015842E-05 2.66263430503955E-06
10 4.99516691207346E-05 7.60913131614416E-07
11 2.62685537728101E-05 2.34994210757122E-07
12 1.38140809447456E-05 8.95520564370145E-08
13 7.26453364829568E-06 4.9330214579868E-08
14 3.82026472198915E-06 3.82069238469285E-08
15 2.00899645048088E-06 3.5130796049998E-08
16 1.05648875518234E-06 3.42801094177503E-08
17 5.55585097273605E-07 3.42801094177503E-08
