0 142.404080608249
0.25 136.431655491932
0.5 130.70971380009
0.75 125.227750261462
1 119.975700195713
1.25 114.943921035059
1.5 110.123174620873
1.75 105.504610242766
2 101.07974838902
2.25 96.8404651785177
2.5 92.7789774455986
2.75 88.8878284504607
3 85.159874188863
3.25 81.5882702760007
3.5 78.1664593804705
3.75 74.8881591852549
4 71.7473508536229
4.25 68.7382679787704
4.5 65.8553859969125
4.75 63.0934120443912
5 60.4472752401749
5.25 57.9121173759103
5.5 55.4832839964337
5.75 53.1563158543644
6 50.9269407230937
6.25 48.791065553136
6.5 46.7447689574432
6.75 44.7842940118838
7 42.9060413576715
7.25 41.1065625930759
7.5 39.3825539422864
7.75 37.7308501898027
8 36.1484188692179
8.25 34.6323546957228
8.5 33.1798742321119
8.75 31.7883107784967
9 30.4551094763439
9.25 29.1778226178508
9.5 27.9541051520452
9.75 26.7817103793593
10 25.6584858267734
10.25 24.5823692959552
10.5 23.5513850771417
10.75 22.563640321809
11 21.6173215674733
11.25 20.7106914082417
11.5 19.8420853049998
11.75 19.0099085293799
12 18.2126332358994
12.25 17.4487956568935
12.5 16.7169934150926
12.75 16.0158829489096
13 15.3441770457114
13.25 14.7006424785446
13.5 14.0840977419763
13.75 13.493410882895
14 12.9274974222865
14.25 12.3853183641709
14.5 11.8658782880452
14.75 11.368223521328
15 10.8914403884522
15.25 10.4346535333914
15.5 9.99702431253831
15.75 9.57774925498648
16 9.17605858738804
16.25 8.79121482067831
16.5 8.4225113960735
16.75 8.0692713878552
17 7.73084626055997
17.25 7.40661467829251
17.5 7.09598136397612
17.75 6.79837600644626
18 6.51325221338048
18.25 6.24008650814261
18.5 5.97837736869914
18.75 5.72764430684352
19 5.48742698603774
19.25 5.25728437625166
19.5 5.03679394424835
19.75 4.8255508778288
