0 0 0 0.999642293409381
0.01 0.00999625976922901 4.99817067583071E-05 0.99959334394994
0.02 0.0199915405492692 0.000199921932087284 0.999446495571617
0.03 0.0299848633509317 0.000449805991149099 0.999201748274411
0.04 0.0399752491850278 0.000799609409214031 0.998859102058323
0.05 0.0499617190623686 0.00124929792166047 0.998418556923352
0.06 0.0599432939937652 0.00179882747397492 0.997880112869499
0.07 0.069918994990029 0.002448144221752 0.997243769896764
0.08 0.0798878430619709 0.00319718453069443 0.996509528005146
0.09 0.0898488592204023 0.00404587497661305 0.995677387194647
0.1 0.0998010644761342 0.00499413234542681 0.994747347465264
0.11 0.109743479839978 0.00604186363316277 0.993719408817
0.12 0.119675126322745 0.00718896604595611 0.992593571249853
0.13 0.129595024935245 0.00843532700005011 0.991369834763824
0.14 0.139502196688291 0.00978082412179617 0.990048199358912
0.15 0.149395662592694 0.0112253252476538 0.988628665035118
0.16 0.159274443659264 0.0127686884241906 0.987111231792442
0.17 0.169137560898813 0.0144107619080823 0.985495899630883
0.18 0.178984035322152 0.0161513841661128 0.983782668550442
0.19 0.188812887940093 0.0179903838751741 0.981971538551119
0.2 0.198623139763445 0.0199275799222661 0.980062509632913
0.21 0.208413811803021 0.0219627814044971 0.978055581795825
0.22 0.218183925069632 0.0240957876290833 0.975950755039855
0.23 0.227932500574089 0.0263263881133492 0.973748029365002
0.24 0.237658559327202 0.0286543625847273 0.971447404771267
0.25 0.247361122339784 0.0310794809807581 0.96904888125865
0.26 0.257039210622646 0.0336015034490905 0.96655245882715
0.27 0.266691845186598 0.0362201803474813 0.963958137476768
0.28 0.276318047042452 0.0389352522437955 0.961265917207504
0.29 0.285916837201018 0.0417464499160061 0.958475798019357
0.3 0.295487236673109 0.0446534943521943 0.955587779912328
0.31 0.305028266469535 0.0476560967505494 0.952601862886417
0.32 0.314538947601108 0.0507539585193688 0.949518046941623
0.33 0.324018301078638 0.0539467712770581 0.946336332077947
0.34 0.333465347912937 0.0572342168521308 0.943056718295388
0.35 0.342879109114816 0.0606159672832088 0.939679205593948
0.36 0.352258605695087 0.0640916848190218 0.936203793973624
0.37 0.361602858664559 0.0676610219184079 0.932630483434419
0.38 0.370910889034045 0.071323621250313 0.928959273976331
0.39 0.380181717814356 0.0750791156937915 0.925190165599361
0.4 0.389414366016303 0.0789271283380056 0.921323158303509
0.41 0.398607854650697 0.0828672724822257 0.917358252088774
0.42 0.407761204728349 0.0868991516358304 0.913295446955157
0.43 0.41687343726007 0.0910223595183063 0.909134742902657
0.44 0.425943573256672 0.0952364800592481 0.904876139931275
0.45 0.434970633728966 0.0995410873983587 0.900519638041011
0.46 0.443953639687763 0.103935745885449 0.896065237231865
0.47 0.452891612143874 0.108420010080438 0.891512937503836
0.48 0.46178357210811 0.112993424753354 0.886862738856925
0.49 0.470628540591283 0.11765552488433 0.882114641291131
0.5 0.479425538604203 0.122405835663612 0.877268644806455
0.51 0.488173627106132 0.127243872591421 0.872336733937783
0.52 0.496872026850129 0.132169142576541 0.86733089322
0.53 0.505519998537702 0.137181145034902 0.862251122653106
0.54 0.51411680287036 0.142279371989446 0.857097422237101
0.55 0.522661700549613 0.147463308070131 0.851869791971986
0.56 0.53115395227697 0.152732430513932 0.84656823185776
0.57 0.539592818753938 0.158086209164836 0.841192741894423
0.58 0.547977560682028 0.163524106473847 0.835743322081975
0.59 0.556307438762747 0.169045577498985 0.830219972420417
0.6 0.564581713697606 0.174650069905283 0.824622692909748
0.61 0.572799646188112 0.180337023964789 0.818951483549968
0.62 0.580960496935775 0.186105872556569 0.813206344341078
0.63 0.589063526642103 0.191956041166701 0.807387275283076
0.64 0.597107996008606 0.197886947888278 0.801494276375964
0.65 0.605093165736792 0.203898003421412 0.795527347619741
0.66 0.61301829652817 0.209988611073225 0.789486489014408
0.67 0.62088264908425 0.216158166757857 0.783371700559964
0.68 0.628685484106539 0.222406058996464 0.777182982256409
0.69 0.636426062296548 0.228731668917214 0.770920334103743
0.7 0.644103644355784 0.235134370255292 0.764583756101966
0.71 0.651717490985757 0.241613529352899 0.758173248251079
0.72 0.659266862887975 0.248168505159248 0.751688810551081
0.73 0.666751020763948 0.254798649230571 0.745130443001973
0.74 0.674169225315184 0.261503305730111 0.738498145603753
0.75 0.681520737243193 0.26828181142813 0.731791918356423
0.76 0.688804817249482 0.275133495701903 0.725011761259982
0.77 0.696020726035562 0.282057680535719 0.71815767431443
0.78 0.70316772430294 0.289053680520885 0.711229657519768
0.79 0.710245072753127 0.296120802855721 0.704227710875995
0.8 0.71725203208763 0.303258347345562 0.697151834383111
0.810000000000001 0.724187863007959 0.31046560640276 0.690002028041117
0.820000000000001 0.731051826215622 0.317741865046679 0.682778291850011
0.830000000000001 0.737843182412129 0.325086400903701 0.675480625809795
0.840000000000001 0.744561192298988 0.332498484207223 0.668109029920468
0.850000000000001 0.751205116577708 0.339977377797654 0.660663504182031
0.860000000000001 0.757774215949798 0.347522337122422 0.653144048594482
0.870000000000001 0.764267751116767 0.355132610235966 0.645550663157824
0.880000000000001 0.770684982780124 0.362807437799745 0.637883347872054
0.890000000000001 0.777025171641378 0.370546053082228 0.630142102737173
0.900000000000001 0.783287578402037 0.378347681958904 0.622326927753182
0.910000000000001 0.789471463763611 0.386211542912272 0.61443782292008
0.920000000000001 0.795576088427608 0.394136847031851 0.606474788237867
0.930000000000001 0.801600713095538 0.402122798014171 0.598437823706544
0.940000000000001 0.807544598468909 0.41016859216278 0.59032692932611
0.950000000000001 0.81340700524923 0.418273418388239 0.582142105096565
0.960000000000001 0.81918719413801 0.426436458208126 0.573883351017909
0.970000000000001 0.824884425836757 0.434656885747032 0.565550667090142
0.980000000000001 0.830497961046982 0.442933867736566 0.557144053313265
0.990000000000001 0.836027060470192 0.451266563515349 0.548663509687277
1 0.841470984807897 0.459654125029018 0.540109036212178
1.01 0.84682906487773 0.468095697005517 0.53150166772537
1.02 0.852100911961824 0.476590418883287 0.522862439064253
1.03 0.857286207458434 0.485137426739462 0.514191350228828
1.04 0.862384632765819 0.493735853465158 0.505488401219095
1.05 0.867395869282235 0.502384828765475 0.496753592035053
1.06 0.872319598405939 0.511083479159494 0.487986922676703
1.07 0.877155501535188 0.519830927980279 0.479188393144044
1.08 0.881903260068239 0.528626295374877 0.470358003437076
1.09 0.886562555403349 0.537468698304317 0.461495753555801
1.1 0.891133068938774 0.546357250543612 0.452601643500217
1.11 0.895614482072772 0.555291062681755 0.443675673270324
1.12 0.9000064762036 0.564269242121723 0.434717842866123
1.13 0.904308732729514 0.573290893080477 0.425728152287613
1.14 0.908520933048771 0.582355116588958 0.416706601534796
1.15 0.912642758559628 0.591461010492091 0.407653190607669
1.16 0.916673890660343 0.600607669448783 0.398567919506234
1.17 0.920614010749172 0.609794184931925 0.389450788230491
1.18 0.924462800224372 0.619019645228388 0.38030179678044
1.19 0.9282199404842 0.628283135439028 0.37112094515608
1.2 0.931885112926913 0.637583737478682 0.361908233357411
1.21 0.935457998950767 0.64692053007617 0.352663661384434
1.22 0.93893827995402 0.656292588774295 0.343387229237149
1.23 0.942325637334929 0.665698985929843 0.334078936915555
1.24 0.94561975249175 0.67513879071358 0.324738784419653
1.25 0.948820306822741 0.684611069110258 0.315366771749442
1.26 0.951926981726158 0.69411488391861 0.305962898904923
1.27 0.954939458600258 0.70364929475135 0.296527165886095
1.28 0.957857418843299 0.713213358035178 0.287059572692959
1.29 0.960680543853537 0.722806127010774 0.277560119325515
1.3 0.963408515029228 0.7324266517328 0.268028805783762
1.31 0.966041013768631 0.742073979069904 0.258465632067701
1.32 0.968577721470001 0.751747152704713 0.248870598177331
1.33 0.971018319531596 0.761445213133838 0.239243704112653
1.34 0.973362489351673 0.771167197667873 0.229584949873666
1.35 0.975609912328489 0.780912140431394 0.219894335460371
1.36 0.9777602698603 0.790679072362959 0.210171860872768
1.37 0.979813243345363 0.800467021215111 0.200417526110856
1.38 0.981768514181936 0.810275011554372 0.190631331174635
1.39 0.983625763768275 0.820102064761249 0.180813276064107
1.4 0.985384673502637 0.829947199030231 0.170963360779269
1.41 0.987044924783279 0.839809429369789 0.161081585320124
1.42 0.988606199008458 0.849687767602378 0.15116794968667
1.43 0.990068177576431 0.859581222364434 0.141222453878907
1.44 0.991430541885456 0.869488799106377 0.131245097896836
1.45 0.992692973333787 0.879409500092608 0.121235881740457
1.46 0.993855153319684 0.889342324401511 0.111194805409769
1.47 0.994916763241402 0.899286267925454 0.101121868904773
1.48 0.995877484497198 0.909240323370786 0.0910170722254679
1.49 0.99673699848533 0.919203480257839 0.0808804153718548
1.5 0.997494986604054 0.929174724920928 0.0707118983439332
1.51 0.998151213368558 0.939153040716142 0.0605364562208289
1.52 0.998705775761751 0.949137410307062 0.0503790240816674
1.53 0.999158853883471 0.959126817950472 0.0402396019264489
1.54 0.999510627833559 0.969120249704159 0.0301181897551734
1.55 0.999761277711854 0.979116693426904 0.0200147875678407
1.56 0.999910983618196 0.98911513877849 0.00992939536445097
1.57 0.999959925652423 0.999114577219694 -0.000137986854995843
1.58 0.999908283914376 1.0091140020123 -0.0101873590904997
1.59 0.999756238503893 1.01911240821907 -0.0202187213420607
1.6 0.999503969520814 1.0291087927038 -0.0302320736096788
1.61 0.999151657064979 1.03910215413125 -0.0402274158933539
1.62 0.998699481236227 1.04909149296719 -0.0502047481930861
1.63 0.998147622134397 1.0590758114784 -0.0601640705088754
1.64 0.997496259859329 1.06905411373263 -0.0701053828407218
1.65 0.996745574510863 1.07902540559867 -0.0800286851886253
1.66 0.995895746188837 1.08898869474627 -0.0899339775525858
1.67 0.994946954993091 1.0989429906462 -0.0998212599326035
1.68 0.993899381023464 1.10888730457022 -0.109690532328678
1.69 0.992753204379797 1.11882064959109 -0.11954179474081
1.7 0.991508605161928 1.12874204058257 -0.129375047168999
1.71 0.990165763469697 1.13865049421941 -0.139190289613245
1.72 0.988724859402943 1.14854502897738 -0.148987522073548
1.73 0.987186073061506 1.15842466513322 -0.158766744549908
1.74 0.985549584545225 1.1682884247647 -0.168527957042325
1.75 0.983815573953939 1.17813533175055 -0.178271159550799
1.76 0.981984221387489 1.18796441177052 -0.187996352075331
1.77 0.980055706945712 1.19777469230538 -0.197703534615919
1.78 0.97803021072845 1.20756520263685 -0.207392707172565
1.79 0.975907912835541 1.21733497384769 -0.217063869745267
1.8 0.973688993366824 1.22708303882164 -0.226717022334027
1.81 0.97137363242214 1.23680843224344 -0.236352164938844
1.82 0.968962010101327 1.24651019059883 -0.245969297559717
1.83 0.966454306504225 1.25618735217455 -0.255568420196648
1.84 0.963850701730674 1.26583895705833 -0.265149532849636
1.85 0.961151375880513 1.27546404713891 -0.274712635518681
1.86 0.95835650905358 1.28506166610602 -0.284257728203784
1.87 0.955466281349717 1.29463085945039 -0.293784810904943
1.88 0.952480872868761 1.30417067446376 -0.303293883622159
1.89 0.949400463710553 1.31368016023884 -0.312784946355433
1.9 0.946225233974932 1.32315836766938 -0.322257999104763
1.91 0.942955363761738 1.33260434945008 -0.331713041870151
1.92 0.939591033170809 1.34201716007668 -0.341150074651595
1.93 0.936132422301986 1.3513958558459 -0.350569097449097
1.94 0.932579711255107 1.36073949485546 -0.359970110262656
1.95 0.928933080130012 1.37004713700408 -0.369353113092272
1.96 0.925192709026541 1.37931784399147 -0.378718105937944
1.97 0.921358778044533 1.38855067931835 -0.388065088799675
1.98 0.917431467283828 1.39774470828643 -0.397394061677462
1.99 0.913410956844264 1.40689899799843 -0.406705024571306
2 0.909297426825681 1.41601261735805 -0.415997977481207
2.01 0.90509113309572 1.42508463725943 -0.425250190067153
2.02 0.900792634593218 1.43411413267072 -0.434438931989133
2.03 0.896402566024817 1.44310018471774 -0.443564203247147
2.04 0.891921562097156 1.45204188087336 -0.452626003841194
2.05 0.887350257516873 1.46093831495751 -0.461624333771275
2.06 0.88268928699061 1.46978858713721 -0.470559193037389
2.07 0.877939285225006 1.47859180392652 -0.479430581639537
2.08 0.8731008869267 1.4873470781866 -0.488238499577719
2.09 0.868174726802331 1.49605352912564 -0.496982946851934
2.1 0.863161439558541 1.50471028229891 -0.505663923462183
2.11 0.858061659901968 1.51331646960876 -0.514281429408466
2.12 0.852876022539252 1.5218712293046 -0.522835464690782
2.13 0.847605162177032 1.53037370598288 -0.531326029309131
2.14 0.842249713521949 1.53882305058716 -0.539753123263514
2.15 0.836810311280642 1.54721842040804 -0.548116746553931
2.16 0.831287590159751 1.55555897908318 -0.556416899180382
2.17 0.825682184865915 1.56384389659732 -0.564653581142866
2.18 0.819994730105774 1.57207234928227 -0.572826792441383
2.19 0.814225860585967 1.5802435198169 -0.580936533075934
2.2 0.808376211013135 1.58835659722715 -0.588982803046519
2.21 0.802446416093917 1.59641077688601 -0.596965602353138
2.22 0.796437110534952 1.60440526051356 -0.60488493099579
2.23 0.790348929042881 1.61233925617693 -0.612740788974475
2.24 0.784182506324343 1.62021197829033 -0.620533176289195
2.25 0.777938477085978 1.62802264761502 -0.628262092939947
2.26 0.771617476034424 1.63577049125934 -0.635927538926734
2.27 0.765220137876323 1.64345474267869 -0.643529514249554
2.28 0.758747097318313 1.65107464167553 -0.651068018908407
2.29 0.752198989067035 1.65862943439941 -0.658543052903295
2.29999999999999 0.745576447829128 1.66611837334692 -0.665954616234215
2.30999999999999 0.738880108311231 1.67354071736172 -0.67330270890117
2.31999999999999 0.732110605219984 1.68089573163456 -0.680587330904158
2.32999999999999 0.725268573262028 1.68818268770323 -0.687808482243179
2.33999999999999 0.718354647144001 1.6954008634526 -0.694966162918235
2.34999999999999 0.711369461572543 1.7025495431146 -0.702060372929324
2.35999999999999 0.704313651254295 1.70962801726823 -0.709091112276446
2.36999999999999 0.697187850895895 1.71663558283955 -0.716058380959602
2.37999999999999 0.689992695203983 1.7235715431017 -0.722962178978791
2.38999999999999 0.682728818885199 1.73043520767488 -0.729802506334015
2.39999999999999 0.675396856646183 1.73722589252634 -0.736579363025271
2.40999999999999 0.667997443193574 1.74394291997042 -0.743292749052562
2.41999999999999 0.660531213234012 1.75058561866852 -0.749942664415886
2.42999999999999 0.652998801474136 1.7571533236291 -0.756529109115244
2.43999999999999 0.645400842620587 1.76364537620769 -0.763052083150635
2.44999999999999 0.637737971380004 1.77006112410689 -0.76951158652206
2.45999999999999 0.630010822459026 1.77639992137636 -0.775907619229518
2.46999999999999 0.622220030564294 1.78266112841282 -0.78224018127301
2.47999999999999 0.614366230402446 1.78884411196008 -0.788509272652536
2.48999999999999 0.606450056680123 1.794948245109 -0.794714893368095
2.49999999999999 0.598472144103964 1.80097290729751 -0.800857043419688
2.50999999999999 0.590433177248727 1.80691748443526 -0.806920762372111
2.51999999999999 0.582334040161637 1.81278137027504 -0.812891089790163
2.52999999999999 0.574175666758039 1.81856396778411 -0.818768025673842
2.53999999999999 0.565958990953275 1.82426468926887 -0.824551570023149
2.54999999999999 0.557684946662691 1.82988295637489 -0.830241722838083
2.55999999999999 0.549354467801629 1.83541820008688 -0.835838484118646
2.56999999999999 0.540968488285433 1.84086986072873 -0.841341853864836
2.57999999999999 0.532527942029447 1.84623738796346 -0.846751832076654
2.58999999999999 0.524033762949014 1.85152024079324 -0.8520684187541
2.59999999999999 0.51548688495948 1.85671788755941 -0.857291613897174
2.60999999999999 0.506888241976186 1.86182980594245 -0.862421417505875
2.61999999999999 0.498238767914477 1.86685548296201 -0.867457829580204
2.62999999999999 0.489539396689697 1.87179441497686 -0.872400850120161
2.63999999999999 0.480791062217189 1.87664610768497 -0.877250479125746
2.64999999999999 0.471994698412297 1.88141007612343 -0.882006716596959
2.65999999999999 0.463151239190365 1.8860858446685 -0.886669562533799
2.66999999999999 0.454261618466736 1.89067294703557 -0.891239016936268
2.67999999999999 0.445326770156754 1.89517092627921 -0.895715079804363
2.68999999999999 0.436347628175764 1.89957933479313 -0.900097751138087
2.69999999999999 0.427325126439107 1.9038977343102 -0.904387030937439
2.70999999999999 0.41826019886213 1.90812569590245 -0.908582919202418
2.71999999999999 0.409153779360174 1.91226279998103 -0.912685415933025
2.72999999999999 0.400006801848584 1.91630863629628 -0.91669452112926
2.73999999999999 0.390820200242704 1.92026280393769 -0.920610234791123
2.74999999999999 0.381594908457877 1.92412491133388 -0.924432556918613
2.75999999999999 0.372331860409446 1.92789457625263 -0.928161487511732
2.76999999999998 0.363031990012757 1.9315714258009 -0.931797026570478
2.77999999999998 0.353696231183152 1.93515509642478 -0.935339174094852
2.78999999999998 0.344325517835975 1.93864523390951 -0.938787930084854
2.79999999999998 0.33492078388657 1.94204149337949 -0.942143294540483
2.80999999999998 0.32548296325028 1.94534353929828 -0.94540526746174
2.81999999999998 0.31601298984245 1.94855104546859 -0.948573848848625
2.82999999999998 0.306511797578423 1.95166369503228 -0.951649038701138
2.83999999999998 0.296980320373542 1.95468118047036 -0.954630837019279
2.84999999999998 0.287419492143152 1.957603203603 -0.957519243803047
2.85999999999998 0.277830246802596 1.96042947558952 -0.960314259052443
2.86999999999998 0.268213518267218 1.9631597169284 -0.963015882767468
2.87999999999998 0.258570240452362 1.96579365745726 -0.965624114948119
2.88999999999998 0.248901347273371 1.9683310363529 -0.968138955594399
2.89999999999998 0.239207772645589 1.97077160213124 -0.970560404706306
2.90999999999998 0.22949045048436 1.97311511264737 -0.972888462283841
2.91999999999998 0.219750314705027 1.97536133509553 -0.975123128327004
2.92999999999998 0.209988299222935 1.97751004600912 -0.977264402835795
2.93999999999998 0.200205337953426 1.9795610312607 -0.979312285810214
2.94999999999998 0.190402364811845 1.98151408606195 -0.98126677725026
2.95999999999998 0.180580313713536 1.98336901496374 -0.983127877155934
2.96999999999998 0.170740118573842 1.98512563185608 -0.984895585527236
2.97999999999998 0.160882713308106 1.98678375996813 -0.986569902364166
2.98999999999998 0.151009031831673 1.98834323186821 -0.988150827666723
2.99999999999998 0.141120008059887 1.98980388946378 -0.989638361434908
3.00999999999998 0.131216587666893 1.99116558403087 -0.991028976027954
3.01999999999998 0.121299763362048 1.99242817653741 -0.992319143805094
3.02999999999998 0.111370539613511 1.99359153796663 -0.993508864766328
3.03999999999998 0.101429920889441 1.99465554934643 -0.994598138911655
3.04999999999998 0.091478911657998 1.9956201017494 -0.995586966241077
3.05999999999998 0.0815185163873399 1.9964850962928 -0.996475346754592
3.06999999999998 0.0715497395456263 1.99725044413857 -0.997263280452201
3.07999999999998 0.061573585601016 1.99791606649337 -0.997950767333904
3.08999999999998 0.0515910590216683 1.99848189460848 -0.9985378073997
3.09999999999998 0.0416031642757421 1.99894786977991 -0.999024400649591
3.10999999999998 0.0316109058313966 1.99931394334833 -0.999410547083575
3.11999999999998 0.0216152881567907 1.9995800766991 -0.999696246701653
3.12999999999998 0.0116173157200836 1.99974624126226 -0.999881499503825
3.13999999999998 0.00161799298943434 1.99981241851253 -0.999966305490091
3.14999999999998 -0.00838167556699806 1.9997785999693 -0.99995066466045
3.15999999999998 -0.0183806854810545 1.99964478719666 -0.999834577014904
3.16999999999998 -0.028378032284576 1.99941099180338 -0.999618042553451
3.17999999999998 -0.0383727115094034 1.9990772354429 -0.999301061276092
3.18999999999998 -0.0483637186873777 1.99864354981335 -0.998883633182826
3.19999999999998 -0.0583500493503398 1.99810997665753 -0.998365758273655
3.20999999999998 -0.0683306990301307 1.99747656776295 -0.997747436548577
3.21999999999998 -0.0783046632585913 1.99674338496177 -0.997028668007593
3.22999999999998 -0.0882709375675625 1.99591050013084 -0.996209452650703
3.23999999999997 -0.0982285174888852 1.99497799519171 -0.995289790477907
3.24999999999997 -0.1081763985544 1.99394596211059 -0.994269681489205
3.25999999999997 -0.118113576295949 1.99281450289837 -0.993149125684596
3.26999999999997 -0.128039046245372 1.99158372961064 -0.991928123064081
3.27999999999997 -0.137951803934511 1.99025376434766 -0.990606673627661
3.28999999999997 -0.147850844895205 1.98882473925438 -0.989184777375333
3.29999999999997 -0.157735164659297 1.98729679652041 -0.9876624343071
3.30999999999997 -0.167603758758627 1.98567008838007 -0.986039644422961
3.31999999999997 -0.177455622725036 1.98394477711235 -0.984316407722915
3.32999999999997 -0.187289752090366 1.98212103504091 -0.982492724206963
3.33999999999997 -0.197105142386456 1.98019904453411 -0.980568593875105
3.34999999999997 -0.206900789145148 1.97817899800497 -0.978544016727341
3.35999999999997 -0.216675687898282 1.97606109791122 -0.97641899276367
3.36999999999997 -0.226428834177701 1.97384555675525 -0.974193521984094
3.37999999999997 -0.236159223515244 1.97153259708414 -0.971867604388611
3.38999999999997 -0.245865851442753 1.96912245148965 -0.969441239977222
3.39999999999997 -0.255547713492068 1.96661536260821 -0.966914428749927
3.40999999999997 -0.265203805195031 1.96401158312096 -0.964287170706725
3.41999999999997 -0.274833122083483 1.9613113757537 -0.961559465847618
3.42999999999997 -0.284434659689264 1.9585150132769 -0.958731314172604
3.43999999999997 -0.294007413544215 1.95562277850575 -0.955802715681684
3.44999999999997 -0.303550379180177 1.95263496430008 -0.952773670374858
3.45999999999997 -0.313062552128992 1.94955187356443 -0.949644178252125
3.46999999999997 -0.3225429279225 1.94637381924802 -0.946414239313487
3.47999999999997 -0.331990502092541 1.94310112434473 -0.943083853558942
3.48999999999997 -0.341404270170958 1.93973412189314 -0.939653020988492
3.49999999999997 -0.350783227689591 1.93627315497651 -0.936121741602134
3.50999999999997 -0.360126399409095 1.9327185766497 -0.932498784044016
3.51999999999997 -0.369432927005379 1.9290707491354 -0.928792916958277
3.52999999999997 -0.378701981383168 1.92533004302032 -0.925004140344921
3.53999999999997 -0.387932733447185 1.92149683718212 -0.921132454203946
3.54999999999997 -0.397124354102154 1.91757151878941 -0.917177858535352
3.55999999999997 -0.4062760142528 1.91355448330176 -0.913140353339139
3.56999999999997 -0.415386884803845 1.90944613446969 -0.909019938615308
3.57999999999997 -0.424456136660013 1.90524688433466 -0.904816614363859
3.58999999999997 -0.43348294072603 1.90095715322912 -0.900530380584791
3.59999999999997 -0.442466467906617 1.89657736977643 -0.896161237278104
3.60999999999997 -0.451405889106499 1.89210797089092 -0.891709184443798
3.61999999999997 -0.4603003752304 1.88754940177789 -0.887174222081874
3.62999999999997 -0.469149097183044 1.88290211593355 -0.882556350192332
3.63999999999997 -0.477951225869155 1.87816657514511 -0.877855568775171
3.64999999999997 -0.486705932193455 1.87334324949071 -0.873071877830391
3.65999999999997 -0.49541238706067 1.86843261733944 -0.868205277357993
3.66999999999997 -0.504069761375523 1.86343516535134 -0.863255767357976
3.67999999999997 -0.512677226042737 1.85835138847742 -0.85822334783034
3.68999999999997 -0.521233951967037 1.85318178995963 -0.853108018775086
3.69999999999997 -0.529739110053146 1.84792688133087 -0.847909780192214
3.70999999999996 -0.538191871205789 1.84258718241501 -0.842628632081723
3.71999999999996 -0.546591406329688 1.83716322132685 -0.837264574443613
3.72999999999996 -0.554936886329569 1.83165553447216 -0.831817607277885
3.73999999999996 -0.563227482110154 1.82606466654766 -0.826287730584538
3.74999999999996 -0.571462364576167 1.82039117054101 -0.820674944363572
3.75999999999996 -0.579640704632333 1.81463560773083 -0.814979248614988
3.76999999999996 -0.587761673183374 1.80879854768671 -0.809200643338785
3.77999999999996 -0.595824441134016 1.80288056826917 -0.803339128534964
3.78999999999996 -0.603828179388981 1.79688225562968 -0.797394704203524
3.79999999999996 -0.611772058852994 1.79080420421069 -0.791367370344466
3.80999999999996 -0.619655250430778 1.78464701674558 -0.785257126957789
3.81999999999996 -0.627476925027057 1.77841130425868 -0.779063974043493
3.82999999999996 -0.635236253546556 1.77209768606529 -0.772787911601579
3.83999999999996 -0.642932406893997 1.76570678977166 -0.766428939632046
3.84999999999996 -0.650564555974104 1.75923925127497 -0.759987058134895
3.85999999999996 -0.658131871691602 1.75269571476338 -0.753462267110125
3.86999999999996 -0.665633524951214 1.746076832716 -0.746854566557736
3.87999999999996 -0.673068686657665 1.73938326590287 -0.740163956477729
3.88999999999996 -0.680436527715676 1.73261568338501 -0.733390436870104
3.89999999999996 -0.687736219029974 1.72577476251437 -0.726534007734859
3.90999999999996 -0.694966931505281 1.71886118893387 -0.719594669071996
3.91999999999996 -0.702127836046322 1.71187565657738 -0.712572420881515
3.92999999999996 -0.709218103557819 1.70481886766971 -0.705467263163415
3.93999999999996 -0.716236904944498 1.69769153272664 -0.698279195917696
3.94999999999996 -0.723183411111081 1.69049437055489 -0.691008219144359
3.95999999999996 -0.730056792962292 1.68322810825214 -0.683654332843403
3.96999999999996 -0.736856221402856 1.67589348120701 -0.676217537014829
3.97999999999996 -0.743580867337497 1.6684912330991 -0.668697831658636
3.98999999999996 -0.750229901670937 1.66102211589893 -0.661095216774824
3.99999999999996 -0.756802495307901 1.653486889868 -0.653409692363394
4.00999999999996 -0.763297882215786 1.64588632340109 -0.645660177226234
4.01999999999996 -0.76971554861268 1.63822119129206 -0.637865590165229
4.02999999999996 -0.776055043779344 1.6304922729996 -0.630025931180381
4.03999999999996 -0.782315916996541 1.62270035248963 -0.62214120027169
4.04999999999996 -0.788497717545031 1.61484621823524 -0.614211397439156
4.05999999999996 -0.794599994705578 1.60693066321669 -0.606236522682779
4.06999999999996 -0.800622297758941 1.59895448492148 -0.598216576002558
4.07999999999996 -0.806564175985882 1.59091848534427 -0.590151557398494
4.08999999999996 -0.812425178667164 1.58282347098692 -0.582041466870587
4.09999999999996 -0.818204855083548 1.57467025285848 -0.573886304418836
4.10999999999996 -0.823902754515794 1.56645964647519 -0.565686070043242
4.11999999999996 -0.829518426244666 1.55819247186051 -0.557440763743805
4.12999999999996 -0.835051419550924 1.54986955354504 -0.549150385520525
4.13999999999996 -0.84050128371533 1.54149172056663 -0.540814935373401
4.14999999999996 -0.845867568018646 1.53305980647027 -0.532434413302434
4.15999999999996 -0.851149821741633 1.52457464930819 -0.524008819307624
4.16999999999996 -0.856347594165052 1.51603709163977 -0.515538153388971
4.17999999999996 -0.861460434569665 1.50744798053162 -0.507022415546474
4.18999999999996 -0.866487892236235 1.49880816755751 -0.498461605780134
4.19999999999995 -0.871429516445522 1.49011850879842 -0.489855724089951
4.20999999999995 -0.876284856478288 1.48137986484252 -0.481204770475924
4.21999999999995 -0.881053461615294 1.47259310078517 -0.472508744938055
4.22999999999995 -0.885734881137302 1.46375908622893 -0.463767647476342
4.23999999999995 -0.890328664325075 1.45487869528354 -0.454981478090785
4.24999999999995 -0.894834360459372 1.44595280656594 -0.446150236781386
4.25999999999995 -0.899251518820956 1.43698230320026 -0.437273923548143
4.26999999999995 -0.903579688690588 1.42796807281783 -0.428352538391057
4.27999999999995 -0.907818419349031 1.41891100755715 -0.419386081310128
4.28999999999995 -0.911967260077044 1.40981200406395 -0.410374552305355
4.29999999999995 -0.916025760155391 1.40067196349111 -0.401317951376739
4.30999999999995 -0.919993468864833 1.39149179149874 -0.39221627852428
4.31999999999995 -0.923869935486131 1.38227239825411 -0.383069533747978
4.32999999999995 -0.927654709300046 1.37301469843171 -0.373877717047832
4.33999999999995 -0.931347339587341 1.3637196112132 -0.364640828423843
4.34999999999995 -0.934947375628777 1.35438806028745 -0.355358867876011
4.35999999999995 -0.938454366705115 1.34502097385051 -0.346031835404335
4.36999999999995 -0.941867862097117 1.33561928460563 -0.336659731008817
4.37999999999995 -0.945187411085545 1.32618392976324 -0.327242554689455
4.38999999999995 -0.94841256295116 1.31671585104099 -0.31778030644625
4.39999999999995 -0.951542866974724 1.30721599466369 -0.308272986279201
4.40999999999995 -0.954577872436998 1.29768531136337 -0.298720594188309
4.41999999999995 -0.957517128618744 1.28812475637922 -0.289123130173574
4.42999999999995 -0.960360184800723 1.27853528945766 -0.279480594234996
4.43999999999995 -0.963106590263697 1.26891787485227 -0.269792986372574
4.44999999999995 -0.965755894288428 1.25927348132385 -0.26006030658631
4.45999999999995 -0.968307646155677 1.24960308214036 -0.250282554876202
4.46999999999995 -0.970761395146206 1.23990765507699 -0.24045973124225
4.47999999999995 -0.973116690540776 1.23018818241609 -0.230591835684456
4.48999999999995 -0.975373081620149 1.22044565094723 -0.220678868202818
4.49999999999995 -0.977530117665086 1.21068105196714 -0.210720828797337
4.50999999999995 -0.9795874294037 1.20089538107615 -0.200742151673194
4.51999999999995 -0.981544973353505 1.19108963593836 -0.190767271035573
4.52999999999995 -0.983402787479366 1.18126481404183 -0.180796186884474
4.53999999999995 -0.985160909746149 1.17142191249497 -0.170828899219895
4.54999999999995 -0.986819378118719 1.16156192802655 -0.160865408041838
4.55999999999995 -0.988378230561941 1.15168585698569 -0.150905713350302
4.56999999999995 -0.98983750504068 1.14179469534186 -0.140949815145288
4.57999999999995 -0.991197239519802 1.13188943868488 -0.130997713426794
4.58999999999995 -0.992457471964171 1.12197108222492 -0.121049408194823
4.59999999999995 -0.993618240338654 1.1120406207925 -0.111104899449372
4.60999999999995 -0.994679582608114 1.10209904883849 -0.101164187190443
4.61999999999995 -0.995641536737417 1.09214736043414 -0.0912272714180346
4.62999999999995 -0.99650414069143 1.082186549271 -0.0812941521321478
4.63999999999995 -0.997267432435015 1.07221760866101 -0.0713648293327824
4.64999999999995 -0.99793144993304 1.06224153153645 -0.0614393030199383
4.65999999999995 -0.998496231150369 1.05225931044995 -0.0515175731936155
4.66999999999994 -0.998961814051867 1.04227193757449 -0.041599639853814
4.67999999999994 -0.999328236602401 1.03228040470342 -0.0316855030005338
4.68999999999994 -0.999595536766833 1.0222857032504 -0.021775162633775
4.69999999999994 -0.999763752510031 1.01228882424948 -0.0118686187535374
4.70999999999994 -0.999832921796859 1.00229075835506 -0.0019658713598211
4.71999999999994 -0.999803082592183 0.992292495841853 0.00793307954737388
4.72999999999994 -0.999674272860867 0.982295026604967 0.0178282339680476
4.73999999999994 -0.999446530567777 0.972299340159842 0.0277195919021999
4.74999999999994 -0.999119893677778 0.962306425642269 0.037607153349831
4.75999999999994 -0.998694400155735 0.952317271808393 0.0474909183109407
4.76999999999994 -0.998170087966514 0.942332867034712 0.0573708867855292
4.77999999999994 -0.99754699507498 0.932354199318071 0.0672470587735964
4.78999999999994 -0.996825159445997 0.922382256275671 0.0771194342751422
4.79999999999994 -0.996004619044432 0.91241802514506 0.0869880132901667
4.80999999999994 -0.995085411835149 0.902462492784141 0.09685279581867
4.81999999999994 -0.994067575783014 0.892516645671167 0.106713781860652
4.82999999999994 -0.992951148852891 0.882581469904742 0.116570971416113
4.83999999999994 -0.991736169009647 0.87265795120382 0.126424364485052
4.84999999999994 -0.990422674218145 0.86274707490771 0.13627396106747
4.85999999999994 -0.989010702443252 0.852849825976069 0.146119761163367
4.86999999999994 -0.987500291649833 0.842967188988907 0.155961764772742
4.87999999999994 -0.985891479802752 0.833100148146585 0.165799971895596
4.88999999999994 -0.984184304866876 0.823249687269815 0.175634382531929
4.89999999999994 -0.982378804807069 0.813416789799661 0.18546499668174
4.90999999999994 -0.980475017588196 0.803602438797538 0.195291814345031
4.91999999999994 -0.978472981175124 0.793807616945212 0.2051148355218
4.92999999999994 -0.976372733532716 0.7840333065448 0.214934060212047
4.93999999999994 -0.974174312625838 0.774280489518772 0.224749488415773
4.94999999999994 -0.971877756419356 0.764550147409949 0.234561120132978
4.95999999999994 -0.969483102878134 0.754843261381501 0.244368955363662
4.96999999999994 -0.966990389967037 0.745160812216953 0.254172994107824
4.97999999999994 -0.964399655650932 0.735503780320178 0.263973236365466
4.98999999999994 -0.961710937894683 0.725873145715402 0.273769682136585
4.99999999999994 -0.958924274663156 0.716269888047202 0.283562331421184
5.00999999999994 -0.956039783846574 0.706694986380694 0.293327206611399
5.01999999999994 -0.953057903036602 0.697149417003582 0.303040330099368
5.02999999999994 -0.949979149750261 0.687634151228217 0.312701701885091
5.03999999999994 -0.946804041504574 0.678150155191775 0.322311321968568
5.04999999999994 -0.943533095816564 0.668698389856267 0.331869190349798
5.05999999999994 -0.940166830203253 0.659279811008529 0.341375307028783
5.06999999999994 -0.936705762181663 0.64989536926023 0.350829672005521
5.07999999999994 -0.933150409268817 0.640546010047867 0.360232285280014
5.08999999999994 -0.929501288981737 0.631232673632768 0.36958314685226
5.09999999999994 -0.925758918837446 0.62195629510109 0.378882256722261
5.10999999999994 -0.921923816352966 0.61271780436382 0.388129614890015
5.11999999999994 -0.91799649904532 0.603518126156775 0.397325221355523
5.12999999999994 -0.91397748443153 0.594358180040601 0.406469076118785
5.13999999999993 -0.909867290028618 0.585238880400775 0.415561179179801
5.14999999999993 -0.905666433353608 0.576161136447603 0.424601530538571
5.15999999999993 -0.901375431923521 0.56712585221622 0.433590130195095
5.16999999999993 -0.896994803255381 0.558133926566593 0.442526978149372
5.17999999999993 -0.892525064866208 0.549186253183517 0.451412074401404
5.18999999999993 -0.887966734273027 0.540283720576616 0.46024541895119
5.19999999999993 -0.883320328992859 0.531427212080346 0.469027011798729
5.20999999999993 -0.878586366542727 0.522617605853992 0.477756852944022
5.21999999999993 -0.873765364439653 0.513855774881669 0.48643494238707
5.22999999999993 -0.868857840200659 0.505142586972319 0.495061280127871
5.23999999999993 -0.86386431134277 0.496478904759719 0.503635866166426
5.24999999999993 -0.858785295383005 0.487865585702471 0.512158700502735
5.25999999999993 -0.853621309838389 0.479303482084009 0.520629783136798
5.26999999999993 -0.848372872225944 0.470793441012596 0.529049114068615
5.27999999999993 -0.843040500062691 0.462336304421326 0.537416693298186
5.28999999999993 -0.837624710865654 0.453932909068122 0.54573252082551
5.29999999999993 -0.832126022151855 0.445584086535736 0.553996596650589
5.30999999999993 -0.826544951438317 0.437290663231751 0.562208920773422
5.31999999999993 -0.820882016242061 0.429053460388579 0.570369493194008
5.32999999999993 -0.815137734080111 0.420873294063462 0.578478313912349
5.33999999999993 -0.809312622469489 0.412750975138473 0.586535382928443
5.34999999999993 -0.803407198927217 0.404687309320512 0.594540700242291
5.35999999999993 -0.797421980970317 0.396683097141311 0.602494265853893
5.36999999999993 -0.791357486115813 0.388739133957431 0.610396079763249
5.37999999999993 -0.785214231880727 0.380856209950263 0.618246141970359
5.38999999999993 -0.778992735782081 0.373035110126029 0.626044452475223
5.39999999999993 -0.772693515336897 0.365276614315777 0.633791011277841
5.40999999999993 -0.766317088062198 0.357581497175389 0.641485818378212
5.41999999999993 -0.759863971475007 0.349950528185575 0.649128873776338
5.42999999999993 -0.753334683092346 0.342384471651874 0.656720177472218
5.43999999999993 -0.746729740431237 0.334884086704657 0.664259729465851
5.44999999999993 -0.740049661008703 0.327450127299122 0.671747529757239
5.45999999999993 -0.733294962341767 0.320083342215298 0.67918357834638
5.46999999999993 -0.72646616194745 0.312784475058044 0.686567875233275
5.47999999999993 -0.719563777342776 0.30555426425705 0.693900420417924
5.48999999999993 -0.712588326044766 0.298393443066834 0.701181213900327
5.49999999999993 -0.705540325570444 0.291302739566743 0.708410255680484
5.50999999999993 -0.69842035214299 0.284282876514191 0.715569933910522
5.51999999999993 -0.691229216810227 0.277334569730234 0.722642636742568
5.52999999999993 -0.683967789326133 0.270458526485158 0.729628364176621
5.53999999999993 -0.676636939444688 0.263655445351703 0.736527116212683
5.54999999999993 -0.669237536919873 0.256926016205075 0.743338892850752
5.55999999999993 -0.661770451505667 0.250270920222937 0.750063694090828
5.56999999999993 -0.65423655295605 0.243690829885414 0.756701519932913
5.57999999999993 -0.646636711025002 0.237186408975088 0.763252370377005
5.58999999999993 -0.638971795466503 0.230758312577005 0.769716245423105
5.59999999999993 -0.631242676034534 0.22440718707867 0.776093145071213
5.60999999999992 -0.623450222483073 0.218133670170047 0.782383069321328
5.61999999999992 -0.615595304566101 0.21193839084356 0.788586018173451
5.62999999999992 -0.607678792037597 0.205821969394097 0.794701991627582
5.63999999999992 -0.599701554651543 0.199785017419001 0.80073098968372
5.64999999999992 -0.591664462161916 0.193828137818078 0.806673012341867
5.65999999999992 -0.583568384322699 0.187951924793594 0.812528059602021
5.66999999999992 -0.57541419088787 0.182156963850276 0.818296131464182
5.67999999999992 -0.567202751611409 0.176443831795309 0.823977227928352
5.68999999999992 -0.558934936247297 0.17081309673834 0.829571348994529
5.69999999999992 -0.550611614549512 0.165265318091476 0.835078494662714
5.70999999999992 -0.542233656272036 0.159801046569283 0.840498664932907
5.71999999999992 -0.533801931168848 0.154420824188788 0.845831859805107
5.72999999999992 -0.525317308993927 0.149125184269478 0.851078079279315
5.73999999999992 -0.516780659501255 0.143914651433302 0.856237323355531
5.74999999999992 -0.50819285244481 0.138789741604666 0.861309592033755
5.75999999999992 -0.499554757578574 0.133750962010439 0.866294885313986
5.76999999999992 -0.490867244656524 0.128798811179948 0.871193203196225
5.77999999999992 -0.482131183432643 0.123933778944981 0.876004545680472
5.78999999999992 -0.473347443660909 0.119156346439788 0.880728912766726
5.79999999999992 -0.464516895095302 0.114466986101076 0.885366304454989
5.80999999999992 -0.455640407489802 0.109866161668015 0.889916720745259
5.81999999999992 -0.44671885059839 0.105354328182233 0.894380161637536
5.82999999999992 -0.437753094175045 0.10093193198782 0.898756627131822
5.83999999999992 -0.428744007973748 0.0965994107313258 0.903046117228115
5.84999999999992 -0.419692461748477 0.0923571933617589 0.907248631926416
5.85999999999992 -0.410599325253213 0.0882057001305897 0.911364171226724
5.86999999999992 -0.401465468241936 0.0841453425917482 0.915392735129041
5.87999999999992 -0.392291760468626 0.0801765236016246 0.919334323633365
5.88999999999992 -0.383079071687262 0.0762996373190694 0.923188936739697
5.89999999999992 -0.373828271651826 0.0725150692053931 0.926956574448036
5.90999999999992 -0.364540230116295 0.0688231960243667 0.930637236758384
5.91999999999992 -0.355215816834652 0.0652243858422211 0.934230923670739
5.92999999999992 -0.345855901560874 0.0617189980276475 0.937737635185101
5.93999999999992 -0.336461354048943 0.0583073832517976 0.941157371301472
5.94999999999992 -0.327033044052839 0.0549898834882828 0.94449013201985
5.95999999999992 -0.31757184132654 0.0517668320131749 0.947735917340236
5.96999999999992 -0.308078615624028 0.0486385534050061 0.95089472726263
5.97999999999992 -0.298554236699281 0.0456053635447687 0.953966561787031
5.98999999999992 -0.288999574306281 0.0426675696159148 0.95695142091344
5.99999999999992 -0.279415498199006 0.0398254701043574 0.959849304641857
6.00999999999992 -0.269802901725372 0.0370793547394843 0.962653134791913
6.01999999999992 -0.260162772609031 0.0344295038453258 0.96535583318324
6.02999999999992 -0.25049612216757 0.0318761876917209 0.967957399815837
6.03999999999992 -0.240803961718577 0.0294196664353329 0.970457834689705
6.04999999999992 -0.231087302579639 0.0270601901196493 0.972857137804844
6.05999999999992 -0.221347156068343 0.0247979986749814 0.975155309161254
6.06999999999992 -0.211584533502276 0.0226333219184651 0.977352348758934
6.07999999999991 -0.201800446199027 0.0205663795540599 0.979448256597884
6.08999999999991 -0.191995905476182 0.0185973811725499 0.981443032678106
6.09999999999991 -0.182171922651328 0.0167265262515431 0.983336676999598
6.10999999999991 -0.172329509042053 0.0149540041554715 0.985129189562361
6.11999999999991 -0.162469675965943 0.0132799941355915 0.986820570366394
6.12999999999991 -0.152593434740588 0.0117046653299836 0.988410819411698
6.13999999999991 -0.142701796683572 0.0102281767635521 0.989899936698272
6.14999999999991 -0.132795773112485 0.00885067734802574 0.991287922226118
6.15999999999991 -0.122876375344913 0.00757230588195738 0.992574775995234
6.16999999999991 -0.112944614698443 0.00639319105072386 0.99376049800562
6.17999999999991 -0.103001502490663 0.00531345142652626 0.994845088257277
6.18999999999991 -0.0930480500391604 0.00433319546838972 0.995828546750205
6.19999999999991 -0.083085268661522 0.00345252152216353 0.996710873484404
6.20999999999991 -0.0731141696753352 0.00267151782052114 0.997492068459873
6.21999999999991 -0.0631357643981874 0.00199026248296007 0.998172131676613
6.22999999999991 -0.0531510641476658 0.00140882351580201 0.998751063134623
6.23999999999991 -0.0431610802413577 0.000927258812192737 0.999228862833904
6.24999999999991 -0.0331668239968506 0.000545616152102191 0.999605530774456
6.25999999999991 -0.0231693067317315 0.00026393320232445 0.999881066956279
6.26999999999991 -0.0131695397635878 8.22375164776581E-05 1.00005547137937
6.27999999999991 -0.00316853441000688 5.46535004149196E-07 1.00012874404374
6.28999999999991 0.00683269801142401 1.88675851703624E-05 1.00010088494937
6.29999999999991 0.0168331461831176 0.000137197881066836 0.999971894096275
6.30999999999991 0.0268317987874867 0.000355524523608278 0.99974177148445
6.31999999999991 0.0368276445069438 0.000673824500533521 0.999410517113897
6.32999999999991 0.0468196720239017 0.00109206468640548 0.998978130984614
6.33999999999991 0.0568068700207732 0.00161020184261124 0.998444613096601
6.34999999999991 0.0667882271799709 0.00222818261736202 0.99780996344986
6.35999999999991 0.0767627321839075 0.0029459435456931 0.997074182044388
6.36999999999991 0.0867293737149958 0.00376341104946396 0.996237268880188
6.37999999999991 0.0966871404556484 0.0046805014373582 0.995299223957258
6.38999999999991 0.106635021088278 0.00569712090488348 0.994260047275599
6.39999999999991 0.116572004295298 0.00681316553437167 0.993119738835211
6.40999999999991 0.126497078759119 0.00802852129497873 0.991878298636093
6.41999999999991 0.136409233162157 0.00934306404268474 0.990535726678246
6.42999999999991 0.146307456186822 0.0107566595202939 0.989092022961669
6.43999999999991 0.156190736515527 0.0122691633574346 0.987547187486363
6.44999999999991 0.166058062830686 0.0138804210705592 0.985901220252328
6.45999999999991 0.175908423814711 0.0155902680629444 0.984154121259563
6.46999999999991 0.185740808150014 0.0173985296246909 0.982305890508069
6.47999999999991 0.195554204519009 0.0193050209327236 0.980356527997846
6.48999999999991 0.205347601604108 0.0213095470507914 0.978306033728893
6.49999999999991 0.215119988087724 0.0234119029294674 0.976154407701211
6.50999999999991 0.224870371739646 0.0256118734538673 0.973907376127648
6.51999999999991 0.234597836679167 0.0279092339685522 0.971570665221054
6.52999999999991 0.244301486112956 0.0303037508024315 0.969144274981429
6.53999999999991 0.253980423247685 0.032795181316481 0.966628205408772
6.5499999999999 0.263633751290021 0.0353832739037437 0.964022456503085
6.5599999999999 0.273260573446636 0.0380677679893289 0.961327028264366
6.5699999999999 0.282859992924198 0.0408483940304128 0.958541920692615
6.5799999999999 0.292431112929378 0.0437248735162382 0.955667133787834
6.5899999999999 0.301973036668844 0.0466969189681145 0.952702667550021
6.5999999999999 0.311484867349267 0.0497642339394181 0.949648521979176
6.6099999999999 0.320965708177317 0.0529265130155918 0.946504697075301
6.6199999999999 0.330414662359663 0.0561834418141453 0.943271192838394
6.6299999999999 0.339830833102975 0.0595346969846548 0.939948009268455
6.6399999999999 0.349213323613922 0.0629799462087634 0.936535146365486
6.6499999999999 0.358561237099174 0.0665188482001808 0.933032604129485
6.6599999999999 0.367873676765401 0.0701510527046834 0.929440382560452
6.6699999999999 0.377149745819272 0.0738762005001141 0.925758481658389
6.6799999999999 0.386388547467458 0.077693923396383 0.921986901423294
6.6899999999999 0.395589184916628 0.0816038442354664 0.918125641855168
6.6999999999999 0.404750761373451 0.0856055768914076 0.91417470295401
6.7099999999999 0.413872380044597 0.0896987262703163 0.910134084719821
6.7199999999999 0.422953144136737 0.0938828883103693 0.906003787152601
6.7299999999999 0.431992156856539 0.0981576499818098 0.90178381025235
6.7399999999999 0.440988521410673 0.102522589286948 0.897474154019067
6.7499999999999 0.44994134100581 0.10697727526016 0.893074818452753
6.7599999999999 0.458849718848618 0.111521267967889 0.888585803553408
6.7699999999999 0.467712758145767 0.116154118508646 0.884007109321031
6.7799999999999 0.476529562103928 0.120875369013008 0.879338735755623
6.7899999999999 0.485299233929769 0.125684552643617 0.874580682857183
6.7999999999999 0.494020876829961 0.130581193595184 0.869732950625713
6.8099999999999 0.502693594011173 0.135564807094486 0.864795539061211
6.8199999999999 0.511316488680075 0.140634899400366 0.859768448163677
6.8299999999999 0.519888664043336 0.145790967803735 0.854651677933113
6.8399999999999 0.528409223307627 0.15103250062757 0.849445228369517
6.8499999999999 0.536877269679616 0.156358977226913 0.844149099472889
6.8599999999999 0.545291906365974 0.161769867988876 0.838763291243231
6.8699999999999 0.55365223657337 0.167264634332636 0.833287803680541
6.8799999999999 0.561957363508474 0.172842728709436 0.82772263678482
6.8899999999999 0.570206390377956 0.178503594602586 0.822067790556067
6.8999999999999 0.578398420388485 0.184246666527465 0.816323264994283
6.9099999999999 0.586532556746731 0.190071370031515 0.810489060099468
6.9199999999999 0.594607902659364 0.195977121694247 0.804565175871622
6.9299999999999 0.602623561333053 0.201963329127239 0.798551612310744
6.9399999999999 0.610578635974469 0.208029390974134 0.792448369416835
6.9499999999999 0.61847222979028 0.214174696910643 0.786255447189894
6.9599999999999 0.626303445987156 0.220398627644543 0.779972845629922
6.9699999999999 0.634071387771768 0.226700554915678 0.773600564736919
6.9799999999999 0.641775158350784 0.233079841495959 0.767138604510885
6.9899999999999 0.649413860930875 0.239535841189364 0.760586964951819
6.9999999999999 0.65698659871871 0.246067898831935 0.753945646059722
7.0099999999999 0.66449252532681 0.2526753504178 0.74722976958993
7.01999999999989 0.6719309959911 0.259357524485325 0.74045445729778
7.02999999999989 0.679301416353357 0.266113743503282 0.733619709183273
7.03999999999989 0.686603192055358 0.272943323996858 0.726725525246408
7.04999999999989 0.693835728738877 0.27984557654766 0.719771905487185
7.05999999999989 0.700998432045693 0.286819805793713 0.712758849905604
7.06999999999989 0.708090707617581 0.293865310429457 0.705686358501665
7.07999999999989 0.715111961096318 0.300981383205754 0.698554431275369
7.08999999999989 0.722061598123681 0.308167310929879 0.691363068226715
7.09999999999989 0.728939024341444 0.315422374465528 0.684112269355703
7.10999999999989 0.735743645391386 0.322745848732815 0.676802034662333
7.11999999999989 0.742474866915283 0.330137002708269 0.669432364146606
7.12999999999989 0.74913209455491 0.337595099424839 0.662003257808521
7.13999999999989 0.755714733952045 0.345119395971892 0.654514715648078
7.14999999999989 0.762222190748464 0.352709143495211 0.646966737665277
7.15999999999989 0.768653870585943 0.360363587196998 0.639359323860118
7.16999999999989 0.775009179106258 0.368081966335872 0.631692474232602
7.17999999999989 0.781287521951186 0.375863514226871 0.623966188782728
7.18999999999989 0.787488304762505 0.38370745824145 0.616180467510496
7.19999999999989 0.793610933181988 0.391613019807482 0.608335310415907
7.20999999999989 0.799654812851415 0.399579414409256 0.600430717498959
7.21999999999989 0.80561934941256 0.407605851587482 0.592466688759654
7.22999999999989 0.811503948507199 0.415691534939285 0.584443224197991
7.23999999999989 0.817308015777111 0.42383566211821 0.57636032381397
7.24999999999989 0.823030956864071 0.432037424834217 0.568217987607592
7.25999999999989 0.828672177409855 0.440296008853687 0.560016215578856
7.26999999999989 0.83423108305624 0.448610593999416 0.551755007727762
7.27999999999989 0.839707079445002 0.456980354150619 0.54343436405431
7.28999999999989 0.845099572217918 0.465404457242929 0.5350542845585
7.29999999999989 0.850407967016764 0.473882065268397 0.526614769240333
7.30999999999989 0.855631669483316 0.48241233427549 0.518115818099808
7.31999999999989 0.860770085259352 0.490994414369095 0.509557431136925
7.32999999999989 0.865822619986647 0.499627449710514 0.500939608351684
7.33999999999989 0.870788679306978 0.508310578517471 0.492262349744086
7.34999999999989 0.87566766886212 0.517042933064103 0.483525655314129
7.35999999999989 0.880458994293852 0.525823639680968 0.474729525061815
7.36999999999989 0.885162061243949 0.534651818755041 0.465873958987144
7.37999999999989 0.889776275354187 0.543526584729714 0.456958957090114
7.38999999999989 0.894301042266343 0.552447046104797 0.447984519370727
7.39999999999989 0.898735767622194 0.561412305436519 0.438950645828982
7.40999999999989 0.903079857063515 0.570421459337526 0.429857336464879
7.41999999999989 0.907332716232083 0.57947359847688 0.420704591278418
7.42999999999989 0.911493750769675 0.588567807580064 0.4114924102696
7.43999999999989 0.915562366318067 0.597703165428976 0.402220793438424
7.44999999999989 0.919537968519035 0.606878744861933 0.39288974078489
7.45999999999989 0.923419963014357 0.61609361277367 0.383499252308998
7.46999999999989 0.927207755445807 0.62534683011534 0.374049328010748
7.47999999999989 0.930900751455163 0.634637451894513 0.364539967890141
7.48999999999988 0.934498356684202 0.643964527175175 0.354971171947176
7.49999999999988 0.937999976774699 0.653327099077734 0.345342940181853
7.50999999999988 0.941405111717501 0.662724205014886 0.335683577315064
7.51999999999988 0.944713638899732 0.672154879286215 0.326021388067703
7.52999999999988 0.947925530057586 0.681618155672799 0.31635637243977
7.53999999999988 0.951040756927258 0.691113067673073 0.306688530431263
7.54999999999988 0.954059291244943 0.700638648502837 0.297017862042185
7.55999999999988 0.956981104746833 0.710193931095252 0.287344367272533
7.56999999999988 0.959806169169125 0.719777948100841 0.277668046122309
7.57999999999988 0.962534456248011 0.729389731887489 0.267988898591513
7.58999999999988 0.965165937719686 0.739028314540444 0.258306924680144
7.59999999999988 0.967700585320345 0.748692727862313 0.248622124388202
7.60999999999988 0.970138370786182 0.758382003373067 0.238934497715688
7.61999999999988 0.97247926585339 0.76809517231004 0.229244044662602
7.62999999999988 0.974723242258165 0.777831265627927 0.219550765228943
7.63999999999988 0.9768702717367 0.787589313998782 0.209854659414711
7.64999999999988 0.978920326025191 0.797368347812027 0.200155727219907
7.65999999999988 0.98087337685983 0.80716739717444 0.19045396864453
7.66999999999988 0.982729395976812 0.816985491910164 0.180749383688581
7.67999999999988 0.984488355112333 0.826821661560704 0.171041972352059
7.68999999999988 0.986150226002585 0.836674935384926 0.161331734634965
7.69999999999988 0.987714980383763 0.846544342359058 0.151618670537298
7.70999999999988 0.989182589992062 0.856428911176691 0.141902780059059
7.71999999999988 0.990553026563676 0.866327670248777 0.132184063200247
7.72999999999988 0.991826261834799 0.876239647703629 0.122462519960862
7.73999999999988 0.993002267541625 0.886163871386925 0.112738150340906
7.74999999999988 0.994081015420348 0.896099368861701 0.103010954340376
7.75999999999988 0.995062477207163 0.906045167408358 0.0932809319592739
7.76999999999988 0.995946624638265 0.916000294024658 0.0835480831975994
7.77999999999988 0.996733429449847 0.925963775425725 0.0738124080553523
7.78999999999988 0.997422863378103 0.935934638044044 0.0640739065325326
7.79999999999988 0.998014898159229 0.945911908029463 0.0543325786291404
7.80999999999988 0.998509505529418 0.955894611249191 0.0445884243451757
7.81999999999988 0.998906657224864 0.965881773287801 0.0348414436806384
7.82999999999988 0.999206324981762 0.975872419447226 0.0250916366355287
7.83999999999988 0.999408480536306 0.985865574746762 0.0153390032098463
7.84999999999988 0.99951309562469 0.995860263923065 0.00558354340359144
7.85999999999988 0.999520141983109 1.00585551143016 -0.00417474278323595
7.86999999999988 0.999429591347757 1.01585034143941 -0.0139358553506359
7.87999999999988 0.999241415454828 1.02584377783958 -0.0236997942986084
7.88999999999988 0.998955586040516 1.03583484423677 -0.0334665596271534
7.89999999999988 0.998572074841016 1.04582256395444 -0.0432361513362709
7.90999999999988 0.998090853592522 1.05580596003343 -0.053008569425961
7.91999999999988 0.997511894031229 1.06578405523192 -0.0627838138962236
7.92999999999988 0.996835167893329 1.07575587202546 -0.0725618847470588
7.93999999999988 0.996060646915019 1.08572043260698 -0.0823427819784665
7.94999999999987 0.995188302832491 1.09567675888675 -0.0921265055904467
7.95999999999987 0.994218107381941 1.10562387249241 -0.101913055582999
7.96999999999987 0.993150032299563 1.11556079476895 -0.111702431956125
7.97999999999987 0.99198404932155 1.12548654677874 -0.121494634709823
7.98999999999987 0.990720130184098 1.13540014930151 -0.131289663844093
7.99999999999987 0.9893582466234 1.14530062283435 -0.141087519358936
8.00999999999987 0.987898392394161 1.15518698764674 -0.15088159570128
8.01999999999987 0.986340649325126 1.1650582643861 -0.160665287318054
8.02999999999987 0.984685121263552 1.17491347468327 -0.170438594209259
8.03999999999987 0.982931912056693 1.18475164120755 -0.180201516374893
8.04999999999987 0.981081125551806 1.19457178766674 -0.189954053814957
8.05999999999987 0.979132865596146 1.20437293880708 -0.199696206529451
8.06999999999987 0.977087236036969 1.21415412041332 -0.209427974518376
8.07999999999987 0.97494434072153 1.22391435930864 -0.21914935778173
8.08999999999987 0.972704283497086 1.23365268335472 -0.228860356319514
8.09999999999987 0.970367168210892 1.2433681214517 -0.238560970131728
8.10999999999987 0.967933098710204 1.25305970353822 -0.248251199218372
8.11999999999987 0.965402178842276 1.26272646059135 -0.257931043579446
8.12999999999987 0.962774512454367 1.27236742462666 -0.26760050321495
8.13999999999987 0.960050203393729 1.2819816286982 -0.277259578124884
8.14999999999987 0.957229355507621 1.29156810689845 -0.286908268309248
8.15999999999987 0.954312072643297 1.30112589435842 -0.296546573768042
8.16999999999987 0.951298458648012 1.31065402724755 -0.306174494501266
8.17999999999987 0.948188617369023 1.32015154277377 -0.31579203050892
8.18999999999987 0.944982652653586 1.32961747918347 -0.325399181791004
8.19999999999987 0.941680668348955 1.33905087576154 -0.334995948347518
8.20999999999987 0.938282768302387 1.34845077283131 -0.344582330178461
8.21999999999987 0.934789056361138 1.35781621175461 -0.354158327283835
8.22999999999987 0.931199636372463 1.36714623493171 -0.363723939663639
8.23999999999987 0.927514612183618 1.37643988580139 -0.373279167317873
8.24999999999987 0.923734087641857 1.38569620884087 -0.382824010246536
8.25999999999987 0.919858166594439 1.39491424956587 -0.39235846844963
8.26999999999987 0.915886952888617 1.40409305453057 -0.401882541927154
8.27999999999987 0.911820550371648 1.41323167132761 -0.411396230679107
8.28999999999987 0.907659062890787 1.42232914858812 -0.420899534705491
8.29999999999987 0.90340259429329 1.4313845359817 -0.430392454006304
8.30999999999987 0.899051248426413 1.44039688421642 -0.439874988581548
8.31999999999987 0.894605129137411 1.44936524503882 -0.449347138431222
8.32999999999987 0.89006434027354 1.45828867123392 -0.458808903555325
8.33999999999987 0.885428985682057 1.4671662166252 -0.468260283953859
8.34999999999987 0.880699169210215 1.47599693607463 -0.477701279626822
8.35999999999987 0.875874994705272 1.48477988548263 -0.487131890574215
8.36999999999987 0.870956566014483 1.49351412178811 -0.496552116796039
8.37999999999987 0.865943986985104 1.50219870296845 -0.505961958292292
8.38999999999987 0.860837361464389 1.51083268803951 -0.515361415062976
8.39999999999987 0.855636793299596 1.51941513705559 -0.524750487108089
8.40999999999987 0.85034238633798 1.52794511110951 -0.534129174427632
8.41999999999986 0.844954244426796 1.53642167233252 -0.543497477021605
8.42999999999986 0.8394724714133 1.54484388389437 -0.552855394890009
8.43999999999986 0.833897171144748 1.55321081000327 -0.562202928032842
8.44999999999986 0.828228447468395 1.56152151590591 -0.571540076450105
8.45999999999986 0.822466404231498 1.56977506788744 -0.580866840141798
8.46999999999986 0.816611145281311 1.57797053327149 -0.590183219107921
8.47999999999986 0.810662774465092 1.58610698042018 -0.599489213348475
8.48999999999986 0.804621395630094 1.59418347873406 -0.608784822863458
8.49999999999986 0.798487112623575 1.60219909865221 -0.618070047652871
8.50999999999986 0.792260321319327 1.61015291238219 -0.627257279755235
8.51999999999986 0.785942585697299 1.61804400193087 -0.636258911209066
8.52999999999986 0.779535761763974 1.6258714671351 -0.645074942014365
8.53999999999986 0.77304170552584 1.6336344263918 -0.653705372171132
8.54999999999986 0.766462272989381 1.64133201665795 -0.662150201679366
8.55999999999986 0.759799320161081 1.64896339345061 -0.670409430539067
8.56999999999986 0.753054703047428 1.65652773084689 -0.678483058750236
8.57999999999986 0.746230277654905 1.66402422148396 -0.686371086312872
8.58999999999986 0.739327899989999 1.67145207655908 -0.694073513226976
8.59999999999986 0.732349426059195 1.67881052582954 -0.701590339492547
8.60999999999986 0.725296711868977 1.68609881761273 -0.708921565109586
8.61999999999986 0.718171613425832 1.69331621878608 -0.716067190078092
8.62999999999986 0.710975986736244 1.70046201478709 -0.723027214398066
8.63999999999986 0.703711687806699 1.70753550961334 -0.729801638069507
8.64999999999986 0.696380572643682 1.71453602582245 -0.736390461092415
8.65999999999986 0.68898449725368 1.72146290453212 -0.742793683466791
8.66999999999986 0.681525317643175 1.72831550542012 -0.749011305192634
8.67999999999986 0.674004889818656 1.73509320672427 -0.755043326269945
8.68999999999986 0.666425069786605 1.74179540524247 -0.760889746698723
8.69999999999986 0.65878771355351 1.74842151633266 -0.766550566478969
8.70999999999986 0.651094677125855 1.75497097391289 -0.772025785610682
8.71999999999986 0.643347816510125 1.76144323046122 -0.777315404093863
8.72999999999986 0.635548987712806 1.76783775701582 -0.782419421928511
8.73999999999986 0.627700046740384 1.77415404317489 -0.787337839114626
8.74999999999986 0.619802849599343 1.78039159709673 -0.792070655652209
8.75999999999986 0.611859252296168 1.78654994549967 -0.796617871541259
8.76999999999986 0.603871110837346 1.79262863366213 -0.800979486781777
8.77999999999986 0.595840281229361 1.79862722542259 -0.805155501373762
8.78999999999986 0.5877686194787 1.80454530317958 -0.809145915317215
8.79999999999986 0.579657981591846 1.81038246789171 -0.812950728612135
8.80999999999986 0.571510223575286 1.81613833907765 -0.816569941258522
8.81999999999986 0.563327201435504 1.82181255481614 -0.820003553256378
8.82999999999986 0.555110771178987 1.82740477174597 -0.8232515646057
8.83999999999986 0.546862788812219 1.83291466506602 -0.82631397530649
8.84999999999986 0.538585110341686 1.8383419285352 -0.829190785358747
8.85999999999986 0.530279591773873 1.84368627447252 -0.831881994762472
8.86999999999986 0.521948089115265 1.84894743375704 -0.834387603517664
8.87999999999986 0.513592458372348 1.85412515582788 -0.836707611624324
8.88999999999985 0.505214555551608 1.85921920868423 -0.838842019082451
8.89999999999985 0.496816236659528 1.86422937888534 -0.840790825892046
8.90999999999985 0.488399357702596 1.86915547155054 -0.842554032053108
8.91999999999985 0.479965774687295 1.8739973103592 -0.844131637565637
8.92999999999985 0.471517343620112 1.87875473755078 -0.845523642429634
8.93999999999985 0.463055920507531 1.88342761392478 -0.846730046645098
8.94999999999985 0.454583361356039 1.8880158188408 -0.84775085021203
8.95999999999985 0.446101522172119 1.89251925021846 -0.848586053130429
8.96999999999985 0.437612258962259 1.89693782453749 -0.849235655400296
8.97999999999985 0.429117427732942 1.90127147683764 -0.84969965702163
8.98999999999985 0.420618884490655 1.90552016071877 -0.849978057994432
8.99999999999985 0.412118485241882 1.90968384834077 -0.850070858318701
