0 0 0
0.01 0.00958851077208406 4.79425538604203E-05
0.02 0.0191770215441681 0.000191770215441681
0.03 0.0287655323162522 0.000431482984743783
0.04 0.0383540430883362 0.000767080861766725
0.05 0.0479425538604203 0.00119856384651051
0.06 0.0575310646325044 0.00172593193897513
0.07 0.0671195754045884 0.0023491851391606
0.08 0.0767080861766725 0.0030683234470669
0.09 0.0862965969487565 0.00388334686269404
0.1 0.0958851077208406 0.00479425538604203
0.11 0.105473618492925 0.00580104901711086
0.12 0.115062129265009 0.00690372775590052
0.13 0.124650640037093 0.00810229160241103
0.14 0.134239150809177 0.00939674055664238
0.15 0.143827661581261 0.0107870746185946
0.16 0.153416172353345 0.0122732937882676
0.17 0.163004683125429 0.0138553980656615
0.18 0.172593193897513 0.0155333874507762
0.19 0.182181704669597 0.0173072619436117
0.2 0.191770215441681 0.0191770215441681
0.21 0.201358726213765 0.0211426662524454
0.22 0.210947236985849 0.0232041960684434
0.23 0.220535747757933 0.0253616109921624
0.24 0.230124258530018 0.0276149110236021
0.25 0.239712769302102 0.0299640961627627
0.26 0.249301280074186 0.0324091664096441
0.27 0.25888979084627 0.0349501217642464
0.28 0.268478301618354 0.0375869622265695
0.29 0.278066812390438 0.0403196877966135
0.3 0.287655323162522 0.0431482984743783
0.31 0.297243833934606 0.0460727942598639
0.32 0.30683234470669 0.0490931751530704
0.33 0.316420855478774 0.0522094411539978
0.34 0.326009366250858 0.0554215922626459
0.35 0.335597877022942 0.0587296284790149
0.36 0.345186387795026 0.0621335498031048
0.37 0.35477489856711 0.0656333562349155
0.38 0.364363409339194 0.069229047774447
0.39 0.373951920111279 0.0729206244216993
0.4 0.383540430883363 0.0767080861766726
0.41 0.393128941655447 0.0805914330393666
0.42 0.402717452427531 0.0845706650097815
0.43 0.412305963199615 0.0886457820879172
0.44 0.421894473971699 0.0928167842737738
0.45 0.431482984743783 0.0970836715673512
0.46 0.441071495515867 0.101446443968649
0.47 0.450660006287951 0.105905101477669
0.48 0.460248517060035 0.110459644094408
0.49 0.469837027832119 0.115110071818869
0.5 0.479425538604203 0.119856384651051
0.51 0.486666447528277 0.124686844581713
0.52 0.493907356452351 0.129589713601616
0.53 0.501148265376425 0.13456499171076
0.54 0.508389174300499 0.139612678909145
0.55 0.515630083224573 0.14473277519677
0.56 0.522870992148647 0.149925280573636
0.57 0.53011190107272 0.155190195039743
0.58 0.537352809996794 0.160527518595091
0.59 0.544593718920868 0.165937251239679
0.6 0.551834627844942 0.171419392973508
0.61 0.559075536769016 0.176973943796578
0.62 0.56631644569309 0.182600903708888
0.63 0.573557354617164 0.18830027271044
0.64 0.580798263541238 0.194072050801232
0.65 0.588039172465311 0.199916237981265
0.66 0.595280081389385 0.205832834250538
0.67 0.602520990313459 0.211821839609052
0.68 0.609761899237533 0.217883254056807
0.69 0.617002808161607 0.224017077593803
0.7 0.624243717085681 0.230223310220039
0.71 0.631484626009755 0.236501951935517
0.72 0.638725534933829 0.242853002740234
0.73 0.645966443857902 0.249276462634193
0.74 0.653207352781976 0.255772331617393
0.75 0.66044826170605 0.262340609689833
0.76 0.667689170630124 0.268981296851514
0.77 0.674930079554198 0.275694393102435
0.78 0.682170988478272 0.282479898442598
0.79 0.689411897402346 0.289337812872001
0.8 0.69665280632642 0.296268136390644
0.810000000000001 0.703893715250494 0.303270868998529
0.820000000000001 0.711134624174568 0.310346010695654
0.830000000000001 0.718375533098641 0.31749356148202
0.840000000000001 0.725616442022715 0.324713521357627
0.850000000000001 0.732857350946789 0.332005890322475
0.860000000000001 0.740098259870863 0.339370668376563
0.870000000000001 0.747339168794937 0.346807855519892
0.880000000000001 0.754580077719011 0.354317451752462
0.890000000000001 0.761820986643085 0.361899457074272
0.900000000000001 0.769061895567159 0.369553871485323
0.910000000000001 0.776302804491232 0.377280694985615
0.920000000000001 0.783543713415306 0.385079927575148
0.930000000000001 0.79078462233938 0.392951569253922
0.940000000000001 0.798025531263454 0.400895620021936
0.950000000000001 0.805266440187528 0.408912079879191
0.960000000000001 0.812507349111602 0.417000948825686
0.970000000000001 0.819748258035676 0.425162226861423
0.980000000000001 0.82698916695975 0.4333959139864
0.990000000000001 0.834230075883823 0.441702010200618
1 0.841470984807897 0.450080515504076
1.01 0.84459146484382 0.458510827752335
1.02 0.847711944879743 0.466972344800953
1.03 0.850832424915667 0.47546506664993
1.04 0.85395290495159 0.483988993299266
1.05 0.857073384987513 0.492544124748962
1.06 0.860193865023436 0.501130460999016
1.07 0.863314345059359 0.50974800204943
1.08 0.866434825095282 0.518396747900204
1.09 0.869555305131205 0.527076698551336
1.1 0.872675785167129 0.535787854002828
1.11 0.875796265203052 0.544530214254679
1.12 0.878916745238975 0.553303779306889
1.13 0.882037225274898 0.562108549159458
1.14 0.885157705310821 0.570944523812387
1.15 0.888278185346744 0.579811703265675
1.16 0.891398665382667 0.588710087519322
1.17 0.894519145418591 0.597639676573328
1.18 0.897639625454514 0.606600470427693
1.19 0.900760105490437 0.615592469082418
1.2 0.90388058552636 0.624615672537502
1.21 0.907001065562283 0.633670080792945
1.22 0.910121545598206 0.642755693848748
1.23 0.913242025634129 0.65187251170491
1.24 0.916362505670053 0.66102053436143
1.25 0.919482985705976 0.670199761818311
1.26 0.922603465741899 0.67941019407555
1.27 0.925723945777822 0.688651831133149
1.28 0.928844425813745 0.697924672991106
1.29 0.931964905849668 0.707228719649424
1.3 0.935085385885591 0.7165639711081
1.31 0.938205865921515 0.725930427367135
1.32 0.941326345957438 0.73532808842653
1.33 0.944446825993361 0.744756954286284
1.34 0.947567306029284 0.754217024946397
1.35 0.950687786065207 0.76370830040687
1.36 0.95380826610113 0.773230780667702
1.37 0.956928746137053 0.782784465728892
1.38 0.960049226172977 0.792369355590443
1.39 0.9631697062089 0.801985450252352
1.4 0.966290186244823 0.811632749714621
1.41 0.969410666280746 0.821311253977248
1.42 0.972531146316669 0.831020963040236
1.43 0.975651626352592 0.840761876903582
1.44 0.978772106388516 0.850533995567287
1.45 0.981892586424439 0.860337319031352
1.46 0.985013066460362 0.870171847295776
1.47 0.988133546496285 0.880037580360559
1.48 0.991254026532208 0.889934518225702
1.49 0.994374506568131 0.899862660891204
1.5 0.997494986604054 0.909822008357065
1.51 0.995731035408486 0.919788138467127
1.52 0.993967084212919 0.929736629065234
1.53 0.992203133017352 0.939667480151386
1.54 0.990439181821784 0.949580691725581
1.55 0.988675230626217 0.959476263787821
1.56 0.986911279430649 0.969354196338106
1.57 0.985147328235082 0.979214489376434
1.58 0.983383377039514 0.989057142902807
1.59 0.981619425843947 0.998882156917225
1.6 0.979855474648379 1.00868953141969
1.61 0.978091523452812 1.01847926641019
1.62 0.976327572257245 1.02825136188874
1.63 0.974563621061677 1.03800581785534
1.64 0.97279966986611 1.04774263430998
1.65 0.971035718670542 1.05746181125266
1.66 0.969271767474975 1.06716334868339
1.67 0.967507816279407 1.07684724660216
1.68 0.96574386508384 1.08651350500898
1.69 0.963979913888272 1.09616212390384
1.7 0.962215962692705 1.10579310328674
1.71 0.960452011497138 1.11540644315769
1.72 0.95868806030157 1.12500214351668
1.73 0.956924109106003 1.13458020436372
1.74 0.955160157910435 1.1441406256988
1.75 0.953396206714868 1.15368340752193
1.76 0.9516322555193 1.1632085498331
1.77 0.949868304323733 1.17271605263232
1.78 0.948104353128165 1.18220591591958
1.79 0.946340401932598 1.19167813969488
1.8 0.944576450737031 1.20113272395823
1.81 0.942812499541463 1.21056966870962
1.82 0.941048548345896 1.21998897394906
1.83 0.939284597150328 1.22939063967654
1.84 0.937520645954761 1.23877466589206
1.85 0.935756694759193 1.24814105259563
1.86 0.933992743563626 1.25748979978725
1.87 0.932228792368059 1.26682090746691
1.88 0.930464841172491 1.27613437563461
1.89 0.928700889976924 1.28543020429036
1.9 0.926936938781356 1.29470839343415
1.91 0.925172987585789 1.30396894306598
1.92 0.923409036390221 1.31321185318586
1.93 0.921645085194654 1.32243712379379
1.94 0.919881133999086 1.33164475488976
1.95 0.918117182803519 1.34083474647377
1.96 0.916353231607952 1.35000709854583
1.97 0.914589280412384 1.35916181110593
1.98 0.912825329216817 1.36829888415407
1.99 0.911061378021249 1.37741831769026
2 0.909297426825681 1.3865201117145
2.01 0.903080921171247 1.39558200345448
2.02 0.896864415516813 1.40458173013792
2.03 0.890647909862378 1.41351929176482
2.04 0.884431404207944 1.42239468833517
2.05 0.878214898553509 1.43120791984898
2.06 0.871998392899075 1.43995898630624
2.07 0.865781887244641 1.44864788770696
2.08 0.859565381590206 1.45727462405113
2.09 0.853348875935772 1.46583919533876
2.1 0.847132370281338 1.47434160156985
2.11 0.840915864626903 1.48278184274439
2.12 0.834699358972469 1.49115991886239
2.13 0.828482853318034 1.49947582992384
2.14 0.8222663476636 1.50772957592875
2.15 0.816049842009166 1.51592115687711
2.16 0.809833336354731 1.52405057276893
2.17 0.803616830700297 1.5321178236042
2.18 0.797400325045863 1.54012290938293
2.19 0.791183819391428 1.54806583010512
2.2 0.784967313736994 1.55594658577076
2.21 0.778750808082559 1.56376517637986
2.22 0.772534302428125 1.57152160193241
2.23 0.766317796773691 1.57921586242842
2.24 0.760101291119256 1.58684795786789
2.25 0.753884785464822 1.59441788825081
2.26 0.747668279810388 1.60192565357718
2.27 0.741451774155953 1.60937125384701
2.28 0.735235268501519 1.6167546890603
2.29 0.729018762847085 1.62407595921704
2.29999999999999 0.72280225719265 1.63133506431724
2.30999999999999 0.716585751538216 1.6385320043609
2.31999999999999 0.710369245883781 1.64566677934801
2.32999999999999 0.704152740229347 1.65273938927857
2.33999999999999 0.697936234574913 1.65974983415259
2.34999999999999 0.691719728920478 1.66669811397007
2.35999999999999 0.685503223266044 1.673584228731
2.36999999999999 0.67928671761161 1.68040817843539
2.37999999999999 0.673070211957175 1.68716996308323
2.38999999999999 0.666853706302741 1.69386958267453
2.39999999999999 0.660637200648306 1.70050703720929
2.40999999999999 0.654420694993872 1.7070823266875
2.41999999999999 0.648204189339438 1.71359545110917
2.42999999999999 0.641987683685003 1.72004641047429
2.43999999999999 0.635771178030569 1.72643520478287
2.44999999999999 0.629554672376135 1.7327618340349
2.45999999999999 0.6233381667217 1.73902629823039
2.46999999999999 0.617121661067266 1.74522859736933
2.47999999999999 0.610905155412832 1.75136873145173
2.48999999999999 0.604688649758397 1.75744670047759
2.49999999999999 0.598472144103963 1.7634625044469
2.50999999999999 0.589325101383084 1.76940149067434
2.51999999999999 0.580178058662202 1.77524900647456
2.52999999999999 0.571031015941321 1.78100505184758
2.53999999999999 0.561883973220439 1.78666962679339
2.54999999999999 0.552736930499558 1.79224273131199
2.55999999999999 0.543589887778676 1.79772436540338
2.56999999999999 0.534442845057794 1.80311452906756
2.57999999999999 0.525295802336913 1.80841322230454
2.58999999999999 0.516148759616031 1.8136204451143
2.59999999999999 0.50700171689515 1.81873619749686
2.60999999999999 0.497854674174268 1.8237604794522
2.61999999999999 0.488707631453386 1.82869329098034
2.62999999999999 0.479560588732505 1.83353463208127
2.63999999999999 0.470413546011623 1.83828450275499
2.64999999999999 0.461266503290741 1.8429429030015
2.65999999999999 0.45211946056986 1.84750983282081
2.66999999999999 0.442972417848978 1.8519852922129
2.67999999999999 0.433825375128097 1.85636928117779
2.68999999999999 0.424678332407215 1.86066179971546
2.69999999999999 0.415531289686333 1.86486284782593
2.70999999999999 0.406384246965452 1.86897242550919
2.71999999999999 0.39723720424457 1.87299053276524
2.72999999999999 0.388090161523689 1.87691716959408
2.73999999999999 0.378943118802807 1.88075233599571
2.74999999999999 0.369796076081925 1.88449603197014
2.75999999999999 0.360649033361044 1.88814825751735
2.76999999999998 0.351501990640162 1.89170901263736
2.77999999999998 0.342354947919281 1.89517829733015
2.78999999999998 0.333207905198399 1.89855611159574
2.79999999999998 0.324060862477517 1.90184245543412
2.80999999999998 0.314913819756636 1.90503732884529
2.81999999999998 0.305766777035754 1.90814073182925
2.82999999999998 0.296619734314873 1.91115266438601
2.83999999999998 0.287472691593991 1.91407312651555
2.84999999999998 0.278325648873109 1.91690211821789
2.85999999999998 0.269178606152228 1.91963963949301
2.86999999999998 0.260031563431346 1.92228569034093
2.87999999999998 0.250884520710465 1.92484027076164
2.88999999999998 0.241737477989583 1.92730338075514
2.89999999999998 0.232590435268701 1.92967502032143
2.90999999999998 0.22344339254782 1.93195518946051
2.91999999999998 0.214296349826938 1.93414388817239
2.92999999999998 0.205149307106057 1.93624111645705
2.93999999999998 0.196002264385175 1.93824687431451
2.94999999999998 0.186855221664293 1.94016116174476
2.95999999999998 0.177708178943412 1.94198397874779
2.96999999999998 0.16856113622253 1.94371532532362
2.97999999999998 0.159414093501649 1.94535520147225
2.98999999999998 0.150267050780767 1.94690360719366
2.99999999999998 0.141120008059885 1.94836054248786
3.00999999999998 0.131281943344897 1.94972255224488
3.01999999999998 0.121443878629908 1.95098618135476
3.02999999999998 0.111605813914918 1.95215142981748
3.03999999999998 0.101767749199929 1.95321829763306
3.04999999999998 0.091929684484939 1.95418678480148
3.05999999999998 0.0820916197699495 1.95505689132276
3.06999999999998 0.0722535550549599 1.95582861719688
3.07999999999998 0.0624154903399704 1.95650196242385
3.08999999999998 0.0525774256249809 1.95707692700368
3.09999999999998 0.0427393609099914 1.95755351093635
3.10999999999998 0.0329012961950018 1.95793171422188
3.11999999999998 0.0230632314800123 1.95821153686025
3.12999999999998 0.0132251667650228 1.95839297885148
3.13999999999998 0.00338710205003323 1.95847604019555
3.14999999999998 -0.00645096266495632 1.95846072089248
3.15999999999998 -0.0162890273799458 1.95834702094226
3.16999999999998 -0.0261270920949354 1.95813494034488
3.17999999999998 -0.0359651568099249 1.95782447910036
3.18999999999998 -0.0458032215249144 1.95741563720868
3.19999999999998 -0.055641286239904 1.95690841466986
3.20999999999998 -0.0654793509548935 1.95630281148388
3.21999999999998 -0.075317415669883 1.95559882765076
3.22999999999998 -0.0851554803848726 1.95479646317049
3.23999999999997 -0.0949935450998621 1.95389571804306
3.24999999999997 -0.104831609814852 1.95289659226849
3.25999999999997 -0.114669674529841 1.95179908584677
3.26999999999997 -0.124507739244831 1.95060319877789
3.27999999999997 -0.13434580395982 1.94930893106187
3.28999999999997 -0.14418386867481 1.9479162826987
3.29999999999997 -0.154021933389799 1.94642525368837
3.30999999999997 -0.163859998104789 1.9448358440309
3.31999999999997 -0.173698062819778 1.94314805372628
3.32999999999997 -0.183536127534768 1.94136188277451
3.33999999999997 -0.193374192249757 1.93947733117558
3.34999999999997 -0.203212256964747 1.93749439892951
3.35999999999997 -0.213050321679736 1.93541308603629
3.36999999999997 -0.222888386394726 1.93323339249592
3.37999999999997 -0.232726451109716 1.93095531830839
3.38999999999997 -0.242564515824705 1.92857886347372
3.39999999999997 -0.252402580539695 1.9261040279919
3.40999999999997 -0.262240645254684 1.92353081186293
3.41999999999997 -0.272078709969674 1.92085921508681
3.42999999999997 -0.281916774684663 1.91808923766353
3.43999999999997 -0.291754839399653 1.91522087959311
3.44999999999997 -0.301592904114642 1.91225414087554
3.45999999999997 -0.311430968829632 1.90918902151082
3.46999999999997 -0.321269033544621 1.90602552149895
3.47999999999997 -0.331107098259611 1.90276364083993
3.48999999999997 -0.3409451629746 1.89940337953376
3.49999999999997 -0.35078322768959 1.89594473758044
3.50999999999997 -0.358903613041961 1.89239630337678
3.51999999999997 -0.367023998394327 1.8887666653196
3.52999999999997 -0.375144383746693 1.88505582340889
3.53999999999997 -0.383264769099059 1.88126377764466
3.54999999999997 -0.391385154451425 1.87739052802691
3.55999999999997 -0.399505539803791 1.87343607455563
3.56999999999997 -0.407625925156157 1.86940041723083
3.57999999999997 -0.415746310508523 1.86528355605251
3.58999999999997 -0.423866695860889 1.86108549102066
3.59999999999997 -0.431987081213255 1.85680622213529
3.60999999999997 -0.440107466565621 1.8524457493964
3.61999999999997 -0.448227851917987 1.84800407280398
3.62999999999997 -0.456348237270353 1.84348119235804
3.63999999999997 -0.464468622622719 1.83887710805857
3.64999999999997 -0.472589007975085 1.83419181990559
3.65999999999997 -0.480709393327451 1.82942532789907
3.66999999999997 -0.488829778679817 1.82457763203904
3.67999999999997 -0.496950164032183 1.81964873232548
3.68999999999997 -0.505070549384549 1.81463862875839
3.69999999999997 -0.513190934736915 1.80954732133779
3.70999999999996 -0.521311320089281 1.80437481006366
3.71999999999996 -0.529431705441647 1.799121094936
3.72999999999996 -0.537552090794013 1.79378617595482
3.73999999999996 -0.545672476146379 1.78837005312012
3.74999999999996 -0.553792861498745 1.7828727264319
3.75999999999996 -0.561913246851111 1.77729419589015
3.76999999999996 -0.570033632203477 1.77163446149487
3.77999999999996 -0.578154017555843 1.76589352324608
3.78999999999996 -0.586274402908209 1.76007138114376
3.79999999999996 -0.594394788260575 1.75416803518791
3.80999999999996 -0.602515173612941 1.74818348537855
3.81999999999996 -0.610635558965307 1.74211773171565
3.82999999999996 -0.618755944317673 1.73597077419924
3.83999999999996 -0.626876329670039 1.7297426128293
3.84999999999996 -0.634996715022405 1.72343324760584
3.85999999999996 -0.643117100374771 1.71704267852885
3.86999999999996 -0.651237485727137 1.71057090559834
3.87999999999996 -0.659357871079503 1.70401792881431
3.88999999999996 -0.667478256431869 1.69738374817675
3.89999999999996 -0.675598641784235 1.69066836368567
3.90999999999996 -0.6837190271366 1.68387177534107
3.91999999999996 -0.691839412488967 1.67699398314294
3.92999999999996 -0.699959797841333 1.67003498709129
3.93999999999996 -0.708080183193698 1.66299478718612
3.94999999999996 -0.716200568546065 1.65587338342742
3.95999999999996 -0.724320953898431 1.64867077581519
3.96999999999996 -0.732441339250796 1.64138696434945
3.97999999999996 -0.740561724603163 1.63402194903018
3.98999999999996 -0.748682109955529 1.62657572985739
3.99999999999996 -0.756802495307894 1.61904830683107
4.00999999999996 -0.761217047755053 1.61145820911575
4.01999999999996 -0.765631600202197 1.60382396587597
4.02999999999996 -0.77004615264934 1.59614557711171
4.03999999999996 -0.774460705096483 1.58842304282298
4.04999999999996 -0.778875257543626 1.58065636300978
4.05999999999996 -0.78328980999077 1.57284553767211
4.06999999999996 -0.787704362437913 1.56499056680997
4.07999999999996 -0.792118914885056 1.55709145042335
4.08999999999996 -0.7965334673322 1.54914818851227
4.09999999999996 -0.800948019779343 1.54116078107671
4.10999999999996 -0.805362572226486 1.53312922811668
4.11999999999996 -0.809777124673629 1.52505352963218
4.12999999999996 -0.814191677120773 1.51693368562321
4.13999999999996 -0.818606229567916 1.50876969608976
4.14999999999996 -0.823020782015059 1.50056156103185
4.15999999999996 -0.827435334462203 1.49230928044946
4.16999999999996 -0.831849886909346 1.4840128543426
4.17999999999996 -0.836264439356489 1.47567228271128
4.18999999999996 -0.840678991803632 1.46728756555548
4.19999999999995 -0.845093544250776 1.4588587028752
4.20999999999995 -0.849508096697919 1.45038569467046
4.21999999999995 -0.853922649145062 1.44186854094125
4.22999999999995 -0.858337201592206 1.43330724168756
4.23999999999995 -0.862751754039349 1.4247017969094
4.24999999999995 -0.867166306486492 1.41605220660677
4.25999999999995 -0.871580858933635 1.40735847077967
4.26999999999995 -0.875995411380779 1.3986205894281
4.27999999999995 -0.880409963827922 1.38983856255206
4.28999999999995 -0.884824516275065 1.38101239015154
4.29999999999995 -0.889239068722208 1.37214207222656
4.30999999999995 -0.893653621169352 1.3632276087771
4.31999999999995 -0.898068173616495 1.35426899980317
4.32999999999995 -0.902482726063638 1.34526624530477
4.33999999999995 -0.906897278510782 1.3362193452819
4.34999999999995 -0.911311830957925 1.32712829973455
4.35999999999995 -0.915726383405068 1.31799310866274
4.36999999999995 -0.920140935852212 1.30881377206645
4.37999999999995 -0.924555488299355 1.2995902899457
4.38999999999995 -0.928970040746498 1.29032266230047
4.39999999999995 -0.933384593193641 1.28101088913077
4.40999999999995 -0.937799145640785 1.27165497043659
4.41999999999995 -0.942213698087928 1.26225490621795
4.42999999999995 -0.946628250535071 1.25281069647484
4.43999999999995 -0.951042802982215 1.24332234120725
4.44999999999995 -0.955457355429358 1.23378984041519
4.45999999999995 -0.959871907876501 1.22421319409866
4.46999999999995 -0.964286460323644 1.21459240225766
4.47999999999995 -0.968701012770788 1.20492746489219
4.48999999999995 -0.973115565217931 1.19521838200225
4.49999999999995 -0.977530117665074 1.18546515358783
4.50999999999995 -0.97715800080506 1.17569171299548
4.51999999999995 -0.976785883945021 1.16592199357173
4.52999999999995 -0.976413767084981 1.15615599531658
4.53999999999995 -0.976041650224942 1.14639371823003
4.54999999999995 -0.975669533364903 1.13663516231208
4.55999999999995 -0.975297416504864 1.12688032756273
4.56999999999995 -0.974925299644825 1.11712921398199
4.57999999999995 -0.974553182784786 1.10738182156984
4.58999999999995 -0.974181065924746 1.09763815032629
4.59999999999995 -0.973808949064707 1.08789820025134
4.60999999999995 -0.973436832204668 1.078161971345
4.61999999999995 -0.973064715344629 1.06842946360725
4.62999999999995 -0.97269259848459 1.0587006770381
4.63999999999995 -0.972320481624551 1.04897561163756
4.64999999999995 -0.971948364764511 1.03925426740561
4.65999999999995 -0.971576247904472 1.02953664434227
4.66999999999994 -0.971204131044433 1.01982274244753
4.67999999999994 -0.970832014184394 1.01011256172138
4.68999999999994 -0.970459897324355 1.00040610216384
4.69999999999994 -0.970087780464315 0.990703363774894
4.70999999999994 -0.969715663604276 0.981004346554552
4.71999999999994 -0.969343546744237 0.971309050502809
4.72999999999994 -0.968971429884198 0.961617475619667
4.73999999999994 -0.968599313024159 0.951929621905126
4.74999999999994 -0.96822719616412 0.942245489359185
4.75999999999994 -0.96785507930408 0.932565077981844
4.76999999999994 -0.967482962444041 0.922888387773103
4.77999999999994 -0.967110845584002 0.913215418732963
4.78999999999994 -0.966738728723963 0.903546170861424
4.79999999999994 -0.966366611863924 0.893880644158485
4.80999999999994 -0.965994495003885 0.884218838624146
4.81999999999994 -0.965622378143845 0.874560754258407
4.82999999999994 -0.965250261283806 0.864906391061269
4.83999999999994 -0.964878144423767 0.855255749032731
4.84999999999994 -0.964506027563728 0.845608828172794
4.85999999999994 -0.964133910703689 0.835965628481457
4.86999999999994 -0.96376179384365 0.826326149958721
4.87999999999994 -0.96338967698361 0.816690392604585
4.88999999999994 -0.963017560123571 0.807058356419049
4.89999999999994 -0.962645443263532 0.797430041402114
4.90999999999994 -0.962273326403493 0.787805447553779
4.91999999999994 -0.961901209543454 0.778184574874044
4.92999999999994 -0.961529092683415 0.76856742336291
4.93999999999994 -0.961156975823375 0.758953993020377
4.94999999999994 -0.960784858963336 0.749344283846443
4.95999999999994 -0.960412742103297 0.73973829584111
4.96999999999994 -0.960040625243258 0.730136029004378
4.97999999999994 -0.959668508383219 0.720537483336245
4.98999999999994 -0.959296391523179 0.710942658836714
4.99999999999994 -0.95892427466314 0.701351555505782
5.00999999999994 -0.953856595681315 0.69178765115406
5.01999999999994 -0.94878891669946 0.682274423592156
5.02999999999994 -0.943721237717605 0.672811872820071
5.03999999999994 -0.93865355873575 0.663399998837805
5.04999999999994 -0.933585879753896 0.654038801645357
5.05999999999994 -0.928518200772041 0.644728281242727
5.06999999999994 -0.923450521790186 0.635468437629916
5.07999999999994 -0.918382842808331 0.626259270806924
5.08999999999994 -0.913315163826476 0.61710078077375
5.09999999999994 -0.908247484844621 0.607992967530395
5.10999999999994 -0.903179805862767 0.598935831076858
5.11999999999994 -0.898112126880912 0.58992937141314
5.12999999999994 -0.893044447899057 0.58097358853924
5.13999999999993 -0.887976768917202 0.572068482455159
5.14999999999993 -0.882909089935347 0.563214053160896
5.15999999999993 -0.877841410953493 0.554410300656452
5.16999999999993 -0.872773731971638 0.545657224941827
5.17999999999993 -0.867706052989783 0.53695482601702
5.18999999999993 -0.862638374007928 0.528303103882032
5.19999999999993 -0.857570695026073 0.519702058536862
5.20999999999993 -0.852503016044219 0.511151689981511
5.21999999999993 -0.847435337062364 0.502651998215978
5.22999999999993 -0.842367658080509 0.494202983240264
5.23999999999993 -0.837299979098654 0.485804645054368
5.24999999999993 -0.832232300116799 0.477456983658291
5.25999999999993 -0.827164621134944 0.469159999052032
5.26999999999993 -0.82209694215309 0.460913691235592
5.27999999999993 -0.817029263171235 0.452718060208971
5.28999999999993 -0.81196158418938 0.444573105972168
5.29999999999993 -0.806893905207525 0.436478828525184
5.30999999999993 -0.80182622622567 0.428435227868018
5.31999999999993 -0.796758547243816 0.420442304000671
5.32999999999993 -0.791690868261961 0.412500056923142
5.33999999999993 -0.786623189280106 0.404608486635432
5.34999999999993 -0.781555510298251 0.39676759313754
5.35999999999993 -0.776487831316396 0.388977376429467
5.36999999999993 -0.771420152334542 0.381237836511213
5.37999999999993 -0.766352473352687 0.373548973382776
5.38999999999993 -0.761284794370832 0.365910787044159
5.39999999999993 -0.756217115388977 0.35832327749536
5.40999999999993 -0.751149436407122 0.35078644473638
5.41999999999993 -0.746081757425267 0.343300288767218
5.42999999999993 -0.741014078443413 0.335864809587875
5.43999999999993 -0.735946399461558 0.32848000719835
5.44999999999993 -0.730878720479703 0.321145881598644
5.45999999999993 -0.725811041497848 0.313862432788756
5.46999999999993 -0.720743362515993 0.306629660768687
5.47999999999993 -0.715675683534139 0.299447565538437
5.48999999999993 -0.710608004552284 0.292316147098005
5.49999999999993 -0.705540325570429 0.285235405447391
5.50999999999993 -0.697017829023025 0.278222614674424
5.51999999999993 -0.688495332475596 0.271295048866931
5.52999999999993 -0.679972835928167 0.264452708024913
5.53999999999993 -0.671450339380738 0.257695592148368
5.54999999999993 -0.662927842833308 0.251023701237298
5.55999999999993 -0.654405346285879 0.244437035291702
5.56999999999993 -0.64588284973845 0.237935594311581
5.57999999999993 -0.637360353191021 0.231519378296934
5.58999999999993 -0.628837856643592 0.225188387247761
5.59999999999993 -0.620315360096163 0.218942621164062
5.60999999999992 -0.611792863548734 0.212782080045838
5.61999999999992 -0.603270367001304 0.206706763893088
5.62999999999992 -0.594747870453875 0.200716672705812
5.63999999999992 -0.586225373906446 0.19481180648401
5.64999999999992 -0.577702877359017 0.188992165227683
5.65999999999992 -0.569180380811588 0.18325774893683
5.66999999999992 -0.560657884264159 0.177608557611452
5.67999999999992 -0.55213538771673 0.172044591251547
5.68999999999992 -0.5436128911693 0.166565849857117
5.69999999999992 -0.535090394621871 0.161172333428162
5.70999999999992 -0.526567898074442 0.15586404196468
5.71999999999992 -0.518045401527013 0.150640975466673
5.72999999999992 -0.509522904979584 0.14550313393414
5.73999999999992 -0.501000408432155 0.140450517367081
5.74999999999992 -0.492477911884726 0.135483125765497
5.75999999999992 -0.483955415337296 0.130600959129387
5.76999999999992 -0.475432918789867 0.125804017458751
5.77999999999992 -0.466910422242438 0.12109230075359
5.78999999999992 -0.458387925695009 0.116465809013903
5.79999999999992 -0.44986542914758 0.11192454223969
5.80999999999992 -0.441342932600151 0.107468500430951
5.81999999999992 -0.432820436052722 0.103097683587687
5.82999999999992 -0.424297939505293 0.0988120917098972
5.83999999999992 -0.415775442957863 0.0946117247975815
5.84999999999992 -0.407252946410434 0.0904965828507401
5.85999999999992 -0.398730449863005 0.086466665869373
5.86999999999992 -0.390207953315576 0.0825219738534801
5.87999999999992 -0.381685456768147 0.0786625068030616
5.88999999999992 -0.373162960220718 0.0748882647181174
5.89999999999992 -0.364640463673289 0.0711992475986474
5.90999999999992 -0.356117967125859 0.0675954554446518
5.91999999999992 -0.34759547057843 0.0640768882561304
5.92999999999992 -0.339072974031001 0.0606435460330833
5.93999999999992 -0.330550477483572 0.0572954287755105
5.94999999999992 -0.322027980936143 0.0540325364834121
5.95999999999992 -0.313505484388714 0.0508548691567878
5.96999999999992 -0.304982987841285 0.0477624267956379
5.97999999999992 -0.296460491293855 0.0447552093999623
5.98999999999992 -0.287937994746426 0.0418332169697609
5.99999999999992 -0.279415498198997 0.0389964495050338
6.00999999999992 -0.269524788473274 0.0362517480716725
6.01999999999992 -0.259634078747539 0.0336059537355685
6.02999999999992 -0.249743369021805 0.0310590664967218
6.03999999999992 -0.23985265929607 0.0286110863551325
6.04999999999992 -0.229961949570335 0.0262620133108005
6.05999999999992 -0.220071239844601 0.0240118473637259
6.06999999999992 -0.210180530118866 0.0218605885139086
6.07999999999991 -0.200289820393132 0.0198082367613487
6.08999999999991 -0.190399110667397 0.0178547921060461
6.09999999999991 -0.180508400941662 0.0160002545480008
6.10999999999991 -0.170617691215928 0.0142446240872129
6.11999999999991 -0.160726981490193 0.0125879007236823
6.12999999999991 -0.150836271764458 0.0110300844574091
6.13999999999991 -0.140945562038724 0.00957117528839321
6.14999999999991 -0.131054852312989 0.00821117321663467
6.15999999999991 -0.121164142587255 0.00695007824213349
6.16999999999991 -0.11127343286152 0.00578789036488964
6.17999999999991 -0.101382723135785 0.00472460958490313
6.18999999999991 -0.0914920134100506 0.00376023590217398
6.19999999999991 -0.081601303684316 0.00289476931670216
6.20999999999991 -0.0717105939585814 0.00212820982848769
6.21999999999991 -0.0618198842328467 0.00146055743753057
6.22999999999991 -0.0519291745071121 0.000891812143830786
6.23999999999991 -0.0420384647813775 0.00042197394738834
6.24999999999991 -0.0321477550556429 5.10428482032449E-05
6.25999999999991 -0.0222570453299082 -0.0002209811537245
6.26999999999991 -0.0123663356041736 -0.000394098058394909
6.27999999999991 -0.00247562587843897 -0.000468307865807975
6.28999999999991 0.00741508384729567 -0.000443610575963677
6.29999999999991 0.0173057935730303 -0.000320006188862056
6.30999999999991 0.0271965032987649 -9.74947045030844E-05
6.31999999999991 0.0370872130244996 0.000223923877113237
6.32999999999991 0.0469779227502342 0.000644249555986895
6.33999999999991 0.0568686324759688 0.00116348233211788
6.34999999999991 0.0667593422017034 0.00178162220550625
6.35999999999991 0.0766500519274381 0.00249866917615194
6.36999999999991 0.0865407616531727 0.00331462324405496
6.37999999999991 0.0964314713789073 0.00422948440921536
6.38999999999991 0.106322181104642 0.00524325267163307
6.39999999999991 0.116212890830377 0.00635592803130815
6.40999999999991 0.126103600556111 0.00756751048824057
6.41999999999991 0.135994310281846 0.00887800004243031
6.42999999999991 0.14588502000758 0.0102873966938774
6.43999999999991 0.155775729733315 0.0117957004425819
6.44999999999991 0.16566643945905 0.0134029112885437
6.45999999999991 0.175557149184784 0.0151090292317628
6.46999999999991 0.185447858910519 0.0169140542722393
6.47999999999991 0.195338568636254 0.0188179864099731
6.48999999999991 0.205229278361988 0.0208208256449643
6.49999999999991 0.215119988087723 0.0229225719772128
6.50999999999991 0.223957320300352 0.0251179585191531
6.51999999999991 0.232794652512971 0.0274017183832197
6.52999999999991 0.241631984725591 0.0297738515694125
6.53999999999991 0.25046931693821 0.0322343580777314
6.5499999999999 0.259306649150829 0.0347832379081766
6.5599999999999 0.268143981363448 0.0374204910607479
6.5699999999999 0.276981313576068 0.0401461175354454
6.5799999999999 0.285818645788687 0.0429601173322691
6.5899999999999 0.294655978001306 0.045862490451219
6.5999999999999 0.303493310213926 0.0488532368922951
6.6099999999999 0.312330642426545 0.0519323566554974
6.6199999999999 0.321167974639164 0.0550998497408259
6.6299999999999 0.330005306851783 0.0583557161482806
6.6399999999999 0.338842639064403 0.0616999558778614
6.6499999999999 0.347679971277022 0.0651325689295685
6.6599999999999 0.356517303489641 0.0686535553034017
6.6699999999999 0.36535463570226 0.0722629149993611
6.6799999999999 0.37419196791488 0.0759606480174468
6.6899999999999 0.383029300127499 0.0797467543576586
6.6999999999999 0.391866632340118 0.0836212340199966
6.7099999999999 0.400703964552737 0.0875840870044608
6.7199999999999 0.409541296765357 0.0916353133110512
6.7299999999999 0.418378628977976 0.0957749129397677
6.7399999999999 0.427215961190595 0.10000288589061
6.7499999999999 0.436053293403215 0.104319232163579
6.7599999999999 0.444890625615834 0.108723951758675
6.7699999999999 0.453727957828453 0.113217044675896
6.7799999999999 0.462565290041072 0.117798510915243
6.7899999999999 0.471402622253692 0.122468350476717
6.7999999999999 0.480239954466311 0.127226563360317
6.8099999999999 0.48907728667893 0.132073149566043
6.8199999999999 0.497914618891549 0.137008109093895
6.8299999999999 0.506751951104169 0.142031441943874
6.8399999999999 0.515589283316788 0.147143148115979
6.8499999999999 0.524426615529407 0.15234322761021
6.8599999999999 0.533263947742027 0.157631680426567
6.8699999999999 0.542101279954646 0.16300850656505
6.8799999999999 0.550938612167265 0.168473706025659
6.8899999999999 0.559775944379884 0.174027278808395
6.8999999999999 0.568613276592504 0.179669224913257
6.9099999999999 0.577450608805123 0.185399544340245
6.9199999999999 0.586287941017742 0.191218237089359
6.9299999999999 0.595125273230361 0.197125303160599
6.9399999999999 0.603962605442981 0.203120742553966
6.9499999999999 0.6127999376556 0.209204555269459
6.9599999999999 0.621637269868219 0.215376741307078
6.9699999999999 0.630474602080839 0.221637300666823
6.9799999999999 0.639311934293458 0.227986233348694
6.9899999999999 0.648149266506077 0.234423539352692
6.9999999999999 0.656986598718696 0.240949218678815
7.0099999999999 0.662606866279849 0.247547186003808
7.01999999999989 0.668227133840968 0.254201356004412
7.02999999999989 0.673847401402087 0.260911728680627
7.03999999999989 0.679467668963206 0.267678304032454
7.04999999999989 0.685087936524324 0.274501082059891
7.05999999999989 0.690708204085443 0.28138006276294
7.06999999999989 0.696328471646562 0.2883152461416
7.07999999999989 0.701948739207681 0.295306632195871
7.08999999999989 0.7075690067688 0.302354220925753
7.09999999999989 0.713189274329919 0.309458012331246
7.10999999999989 0.718809541891038 0.316618006412351
7.11999999999989 0.724429809452157 0.323834203169067
7.12999999999989 0.730050077013276 0.331106602601394
7.13999999999989 0.735670344574394 0.338435204709332
7.14999999999989 0.741290612135513 0.345820009492881
7.15999999999989 0.746910879696632 0.353261016952042
7.16999999999989 0.752531147257751 0.360758227086814
7.17999999999989 0.75815141481887 0.368311639897197
7.18999999999989 0.763771682379989 0.375921255383191
7.19999999999989 0.769391949941108 0.383587073544796
7.20999999999989 0.775012217502227 0.391309094382013
7.21999999999989 0.780632485063345 0.39908731789484
7.22999999999989 0.786252752624464 0.406921744083279
7.23999999999989 0.791873020185583 0.414812372947329
7.24999999999989 0.797493287746702 0.422759204486991
7.25999999999989 0.803113555307821 0.430762238702263
7.26999999999989 0.80873382286894 0.438821475593147
7.27999999999989 0.814354090430059 0.446936915159641
7.28999999999989 0.819974357991178 0.455108557401747
7.29999999999989 0.825594625552296 0.463336402319465
7.30999999999989 0.831214893113415 0.471620449912793
7.31999999999989 0.836835160674534 0.479960700181733
7.32999999999989 0.842455428235653 0.488357153126283
7.33999999999989 0.848075695796772 0.496809808746445
7.34999999999989 0.853695963357891 0.505318667042219
7.35999999999989 0.85931623091901 0.513883728013603
7.36999999999989 0.864936498480129 0.522504991660598
7.37999999999989 0.870556766041248 0.531182457983205
7.38999999999989 0.876177033602366 0.539916126981423
7.39999999999989 0.881797301163485 0.548705998655252
7.40999999999989 0.887417568724604 0.557552073004692
7.41999999999989 0.893037836285723 0.566454350029744
7.42999999999989 0.898658103846842 0.575412829730406
7.43999999999989 0.904278371407961 0.58442751210668
7.44999999999989 0.90989863896908 0.593498397158565
7.45999999999989 0.915518906530199 0.602625484886061
7.46999999999989 0.921139174091318 0.611808775289169
7.47999999999989 0.926759441652436 0.621048268367887
7.48999999999988 0.932379709213555 0.630343964122217
7.49999999999988 0.937999976774674 0.639695862552158
7.50999999999988 0.9390271421717 0.64908099814689
7.51999999999988 0.940054307568673 0.658476405395591
7.52999999999988 0.941081472965646 0.667882084298263
7.53999999999988 0.942108638362618 0.677298034854904
7.54999999999988 0.943135803759591 0.686724257065515
7.55999999999988 0.944162969156564 0.696160750930095
7.56999999999988 0.945190134553537 0.705607516448646
7.57999999999988 0.94621729995051 0.715064553621166
7.58999999999988 0.947244465347483 0.724531862447656
7.59999999999988 0.948271630744456 0.734009442928115
7.60999999999988 0.949298796141428 0.743497295062544
7.61999999999988 0.950325961538401 0.752995418850943
7.62999999999988 0.951353126935374 0.762503814293312
7.63999999999988 0.952380292332347 0.77202248138965
7.64999999999988 0.95340745772932 0.781551420139958
7.65999999999988 0.954434623126293 0.791090630544236
7.66999999999988 0.955461788523265 0.800640112602484
7.67999999999988 0.956488953920238 0.810199866314701
7.68999999999988 0.957516119317211 0.819769891680888
7.69999999999988 0.958543284714184 0.829350188701045
7.70999999999988 0.959570450111157 0.838940757375171
7.71999999999988 0.96059761550813 0.848541597703268
7.72999999999988 0.961624780905102 0.858152709685334
7.73999999999988 0.962651946302075 0.867774093321369
7.74999999999988 0.963679111699048 0.877405748611375
7.75999999999988 0.964706277096021 0.88704767555535
7.76999999999988 0.965733442492994 0.896699874153295
7.77999999999988 0.966760607889967 0.906362344405209
7.78999999999988 0.967787773286939 0.916035086311094
7.79999999999988 0.968814938683912 0.925718099870948
7.80999999999988 0.969842104080885 0.935411385084771
7.81999999999988 0.970869269477858 0.945114941952565
7.82999999999988 0.971896434874831 0.954828770474328
7.83999999999988 0.972923600271804 0.964552870650061
7.84999999999988 0.973950765668776 0.974287242479764
7.85999999999988 0.974977931065749 0.984031885963436
7.86999999999988 0.976005096462722 0.993786801101078
7.87999999999988 0.977032261859695 1.00355198789269
7.88999999999988 0.978059427256668 1.01332744633827
7.89999999999988 0.979086592653641 1.02311317643782
7.90999999999988 0.980113758050614 1.03290917819134
7.91999999999988 0.981140923447586 1.04271545159884
7.92999999999988 0.982168088844559 1.0525319966603
7.93999999999988 0.983195254241532 1.06235881337573
7.94999999999987 0.984222419638505 1.07219590174513
7.95999999999987 0.985249585035478 1.0820432617685
7.96999999999987 0.986276750432451 1.09190089344584
7.97999999999987 0.987303915829423 1.10176879677714
7.98999999999987 0.988331081226396 1.11164697176242
7.99999999999987 0.989358246623369 1.12153541840167
8.00999999999987 0.985540823943432 1.13140991375451
8.01999999999987 0.981723401263435 1.14124623488054
8.02999999999987 0.977905978583437 1.15104438177977
8.03999999999987 0.974088555903439 1.16080435445221
8.04999999999987 0.970271133223441 1.17052615289784
8.05999999999987 0.966453710543444 1.18020977711668
8.06999999999987 0.962636287863446 1.18985522710871
8.07999999999987 0.958818865183448 1.19946250287395
8.08999999999987 0.95500144250345 1.20903160441238
8.09999999999987 0.951184019823453 1.21856253172401
8.10999999999987 0.947366597143455 1.22805528480885
8.11999999999987 0.943549174463457 1.23750986366688
8.12999999999987 0.939731751783459 1.24692626829812
8.13999999999987 0.935914329103462 1.25630449870255
8.14999999999987 0.932096906423464 1.26564455488019
8.15999999999987 0.928279483743466 1.27494643683102
8.16999999999987 0.924462061063468 1.28421014455505
8.17999999999987 0.920644638383471 1.29343567805229
8.18999999999987 0.916827215703473 1.30262303732272
8.19999999999987 0.913009793023475 1.31177222236636
8.20999999999987 0.909192370343477 1.32088323318319
8.21999999999987 0.905374947663479 1.32995606977323
8.22999999999987 0.901557524983482 1.33899073213646
8.23999999999987 0.897740102303484 1.3479872202729
8.24999999999987 0.893922679623486 1.35694553418253
8.25999999999987 0.890105256943488 1.36586567386537
8.26999999999987 0.886287834263491 1.3747476393214
8.27999999999987 0.882470411583493 1.38359143055064
8.28999999999987 0.878652988903495 1.39239704755307
8.29999999999987 0.874835566223497 1.4011644903287
8.30999999999987 0.8710181435435 1.40989375887754
8.31999999999987 0.867200720863502 1.41858485319957
8.32999999999987 0.863383298183504 1.42723777329481
8.33999999999987 0.859565875503506 1.43585251916324
8.34999999999987 0.855748452823509 1.44442909080488
8.35999999999987 0.851931030143511 1.45296748821971
8.36999999999987 0.848113607463513 1.46146771140775
8.37999999999987 0.844296184783515 1.46992976036898
8.38999999999987 0.840478762103518 1.47835363510342
8.39999999999987 0.83666133942352 1.48673933561105
8.40999999999987 0.832843916743522 1.49508686189189
8.41999999999986 0.829026494063524 1.50339621394592
8.42999999999986 0.825209071383527 1.51166739177316
8.43999999999986 0.821391648703529 1.51990039537359
8.44999999999986 0.817574226023531 1.52809522474723
8.45999999999986 0.813756803343533 1.53625187989406
8.46999999999986 0.809939380663536 1.5443703608141
8.47999999999986 0.806121957983538 1.55245066750733
8.48999999999986 0.80230453530354 1.56049279997377
8.49999999999986 0.798487112623542 1.56849675821341
8.50999999999986 0.790759740075961 1.5764429924769
8.51999999999986 0.783032367528327 1.58431195301492
8.52999999999986 0.775304994980692 1.59210363982747
8.53999999999986 0.767577622433058 1.59981805291454
8.54999999999986 0.759850249885423 1.60745519227613
8.55999999999986 0.752122877337789 1.61501505791225
8.56999999999986 0.744395504790154 1.62249764982289
8.57999999999986 0.73666813224252 1.62990296800805
8.58999999999986 0.728940759694885 1.63723101246774
8.59999999999986 0.721213387147251 1.64448178320195
8.60999999999986 0.713486014599616 1.65165528021068
8.61999999999986 0.705758642051982 1.65875150349394
8.62999999999986 0.698031269504347 1.66577045305172
8.63999999999986 0.690303896956713 1.67271212888402
8.64999999999986 0.682576524409078 1.67957653099085
8.65999999999986 0.674849151861444 1.68636365937221
8.66999999999986 0.667121779313809 1.69307351402808
8.67999999999986 0.659394406766175 1.69970609495848
8.68999999999986 0.65166703421854 1.70626140216341
8.69999999999986 0.643939661670906 1.71273943564285
8.70999999999986 0.636212289123271 1.71914019539682
8.71999999999986 0.628484916575637 1.72546368142532
8.72999999999986 0.620757544028002 1.73170989372834
8.73999999999986 0.613030171480368 1.73787883230588
8.74999999999986 0.605302798932733 1.74397049715794
8.75999999999986 0.597575426385099 1.74998488828453
8.76999999999986 0.589848053837464 1.75592200568564
8.77999999999986 0.58212068128983 1.76178184936128
8.78999999999986 0.574393308742195 1.76756441931144
8.79999999999986 0.566665936194561 1.77326971553612
8.80999999999986 0.558938563646926 1.77889773803533
8.81999999999986 0.551211191099292 1.78444848680906
8.82999999999986 0.543483818551657 1.78992196185732
8.83999999999986 0.535756446004023 1.7953181631801
8.84999999999986 0.528029073456388 1.8006370907774
8.85999999999986 0.520301700908754 1.80587874464922
8.86999999999986 0.512574328361119 1.81104312479557
8.87999999999986 0.504846955813485 1.81613023121645
8.88999999999985 0.49711958326585 1.82114006391184
8.89999999999985 0.489392210718216 1.82607262288176
8.90999999999985 0.481664838170581 1.83092790812621
8.91999999999985 0.473937465622947 1.83570591964517
8.92999999999985 0.466210093075312 1.84040665743866
8.93999999999985 0.458482720527678 1.84503012150668
8.94999999999985 0.450755347980043 1.84957631184922
8.95999999999985 0.443027975432409 1.85404522846628
8.96999999999985 0.435300602884774 1.85843687135787
8.97999999999985 0.42757323033714 1.86275124052398
8.98999999999985 0.419845857789505 1.86698833596461
8.99999999999985 0.412118485241871 1.87114815767977
9.00999999999985 0.404391112694236 1.87523070566945
9.01999999999985 0.396663740146602 1.87923597993365
9.02999999999985 0.388936367598967 1.88316398047238
9.03999999999985 0.381208995051333 1.88701470728563
9.04999999999985 0.373481622503698 1.8907881603734
9.05999999999985 0.365754249956064 1.8944843397357
9.06999999999985 0.358026877408429 1.89810324537253
9.07999999999985 0.350299504860795 1.90164487728387
9.08999999999985 0.34257213231316 1.90510923546974
9.09999999999985 0.334844759765526 1.90849631993013
9.10999999999985 0.327117387217891 1.91180613066505
9.11999999999985 0.319390014670257 1.91503866767449
9.12999999999985 0.311662642122622 1.91819393095846
9.13999999999985 0.303935269574988 1.92127192051694
9.14999999999985 0.296207897027354 1.92427263634996
9.15999999999985 0.288480524479719 1.92719607845749
9.16999999999985 0.280753151932085 1.93004224683955
9.17999999999985 0.27302577938445 1.93281114149613
9.18999999999985 0.265298406836815 1.93550276242724
9.19999999999985 0.257571034289181 1.93811710963287
9.20999999999985 0.249843661741546 1.94065418311302
9.21999999999985 0.242116289193912 1.9431139828677
9.22999999999985 0.234388916646277 1.9454965088969
9.23999999999985 0.226661544098643 1.94780176120063
9.24999999999985 0.218934171551008 1.95002973977887
9.25999999999985 0.211206799003374 1.95218044463165
9.26999999999985 0.203479426455739 1.95425387575894
9.27999999999985 0.195752053908105 1.95625003316076
9.28999999999985 0.188024681360471 1.9581689168371
9.29999999999985 0.180297308812836 1.96001052678797
9.30999999999985 0.172569936265202 1.96177486301336
9.31999999999985 0.164842563717567 1.96346192551327
9.32999999999985 0.157115191169933 1.96507171428771
9.33999999999985 0.149387818622298 1.96660422933667
9.34999999999985 0.141660446074664 1.96805947066016
9.35999999999984 0.133933073527029 1.96943743825817
9.36999999999984 0.126205700979395 1.9707381321307
9.37999999999984 0.11847832843176 1.97196155227775
9.38999999999984 0.110750955884126 1.97310769869933
9.39999999999984 0.103023583336491 1.97417657139544
9.40999999999984 0.0952962107888565 1.97516817036606
9.41999999999984 0.0875688382412221 1.97608249561121
