0 0
0.09 0.0934193
0.18 0.183711
0.27 0.270877
0.36 0.354915
0.45 0.435826
0.54 0.5136
0.63 0.587901
0.72 0.65802
0.81 0.723227
0.9 0.782793
0.99 0.835986
1.08 0.882141
1.17 0.920951
1.26 0.952236
1.35 0.975815
1.44 0.991506
1.53 0.99913
1.62 0.998619
1.71 0.990075
1.8 0.973617
1.89 0.949361
1.98 0.917425
2.07 0.877955
2.16 0.831312
2.25 0.777961
2.34 0.71837
2.43 0.653005
2.52 0.582333
2.61 0.506883
2.7 0.427319
2.79 0.34432
2.88 0.258567
2.97 0.170739
3.06 0.0815195
3.15 -0.00837999
3.24 -0.0982269
3.33 -0.187289
3.42 -0.274833
3.51 -0.360126
3.6 -0.442467
3.69 -0.521234
3.78 -0.595825
3.87 -0.665634
3.96 -0.730057
4.05 -0.788498
4.14 -0.840501
4.23 -0.885735
4.32 -0.92387
4.41 -0.954578
4.5 -0.97753
4.59 -0.992457
4.68 -0.999328
4.77 -0.99817
4.86 -0.98901
4.95 -0.971878
5.04 -0.946804
5.13 -0.913978
5.22 -0.873766
5.31 -0.826546
5.4 -0.772694
5.49 -0.712588
5.58 -0.646636
5.67 -0.575412
5.76 -0.499552
5.85 -0.419689
5.94 -0.336459
6.03 -0.250497
6.12 -0.162476
6.21 -0.0731244
6.3 0.0168208
6.39 0.106625
6.48 0.195551
6.57 0.282872
6.66 0.367903
6.75 0.449984
6.84 0.528455
6.93 0.602653
7.02 0.671919
7.11 0.735669
7.2 0.793474
7.29 0.844928
7.38 0.889623
7.47 0.927153
7.56 0.957124
7.65 0.979309
7.74 0.993589
7.83 0.999846
7.92 0.997962
8.01 0.98782
8.1 0.969429
8.19 0.943162
8.28 0.909457
8.37 0.868752
8.46 0.821486
8.55 0.768084
8.64 0.708748
8.73 0.643483
8.82 0.57229
8.91 0.495168
9 0.412118
