0 0 0 0.958851077208406
0.01 0.00958851077208406 4.79425538604203E-05 0.958851077208406
0.02 0.0191770215441681 0.000191770215441681 0.958851077208406
0.03 0.0287655323162522 0.000431482984743783 0.958851077208406
0.04 0.0383540430883362 0.000767080861766725 0.958851077208406
0.05 0.0479425538604203 0.00119856384651051 0.958851077208406
0.06 0.0575310646325044 0.00172593193897513 0.958851077208406
0.07 0.0671195754045884 0.0023491851391606 0.958851077208406
0.08 0.0767080861766725 0.0030683234470669 0.958851077208406
0.09 0.0862965969487565 0.00388334686269404 0.958851077208406
0.1 0.0958851077208406 0.00479425538604203 0.958851077208406
0.11 0.105473618492925 0.00580104901711086 0.958851077208406
0.12 0.115062129265009 0.00690372775590052 0.958851077208406
0.13 0.124650640037093 0.00810229160241103 0.958851077208406
0.14 0.134239150809177 0.00939674055664238 0.958851077208406
0.15 0.143827661581261 0.0107870746185946 0.958851077208406
0.16 0.153416172353345 0.0122732937882676 0.958851077208406
0.17 0.163004683125429 0.0138553980656615 0.958851077208406
0.18 0.172593193897513 0.0155333874507762 0.958851077208406
0.19 0.182181704669597 0.0173072619436117 0.958851077208406
0.2 0.191770215441681 0.0191770215441681 0.958851077208406
0.21 0.201358726213765 0.0211426662524454 0.958851077208406
0.22 0.210947236985849 0.0232041960684434 0.958851077208406
0.23 0.220535747757933 0.0253616109921624 0.958851077208406
0.24 0.230124258530018 0.0276149110236021 0.958851077208406
0.25 0.239712769302102 0.0299640961627627 0.958851077208406
0.26 0.249301280074186 0.0324091664096441 0.958851077208406
0.27 0.25888979084627 0.0349501217642464 0.958851077208406
0.28 0.268478301618354 0.0375869622265695 0.958851077208406
0.29 0.278066812390438 0.0403196877966135 0.958851077208406
0.3 0.287655323162522 0.0431482984743783 0.958851077208406
0.31 0.297243833934606 0.0460727942598639 0.958851077208406
0.32 0.30683234470669 0.0490931751530704 0.958851077208406
0.33 0.316420855478774 0.0522094411539978 0.958851077208406
0.34 0.326009366250858 0.0554215922626459 0.958851077208406
0.35 0.335597877022942 0.0587296284790149 0.958851077208406
0.36 0.345186387795026 0.0621335498031048 0.958851077208406
0.37 0.35477489856711 0.0656333562349155 0.958851077208406
0.38 0.364363409339194 0.069229047774447 0.958851077208406
0.39 0.373951920111279 0.0729206244216993 0.958851077208406
0.4 0.383540430883363 0.0767080861766726 0.958851077208406
0.41 0.393128941655447 0.0805914330393666 0.958851077208406
0.42 0.402717452427531 0.0845706650097815 0.958851077208406
0.43 0.412305963199615 0.0886457820879172 0.958851077208406
0.44 0.421894473971699 0.0928167842737738 0.958851077208406
0.45 0.431482984743783 0.0970836715673512 0.958851077208406
0.46 0.441071495515867 0.101446443968649 0.958851077208406
0.47 0.450660006287951 0.105905101477669 0.958851077208406
0.48 0.460248517060035 0.110459644094408 0.958851077208406
0.49 0.469837027832119 0.115110071818869 0.958851077208406
0.5 0.479425538604203 0.119856384651051 0.958851077208406
0.51 0.488967097339327 0.124698426084163 0.949460669816365
0.52 0.498414752000531 0.129635413584258 0.940070262424324
0.53 0.507768502587814 0.134666408110594 0.930679855032284
0.54 0.517028349101176 0.139790470622434 0.921289447640243
0.55 0.526194291540618 0.145006662079038 0.911899040248202
0.56 0.53526632990614 0.150314043439667 0.902508632856161
0.57 0.544244464197742 0.155711675663581 0.893118225464121
0.58 0.553128694415423 0.161198619710042 0.88372781807208
0.59 0.561919020559183 0.16677393653831 0.874337410680039
0.6 0.570615442629024 0.172436687107646 0.864947003287998
0.61 0.579217960624943 0.178185932377311 0.855556595895958
0.62 0.587726574546943 0.184020733306565 0.846166188503917
0.63 0.596141284395022 0.18994015085467 0.836775781111876
0.64 0.60446209016918 0.195943245980886 0.827385373719836
0.65 0.612688991869418 0.202029079644474 0.817994966327795
0.66 0.620821989495736 0.208196712804694 0.808604558935754
0.67 0.628861083048133 0.214445206420809 0.799214151543713
0.68 0.63680627252661 0.220773621452077 0.789823744151673
0.69 0.644657557931167 0.227181018857761 0.780433336759632
0.7 0.652414939261803 0.233666459597121 0.771042929367591
0.71 0.660078416518519 0.240229004629418 0.76165252197555
0.72 0.667647989701314 0.246867714913912 0.75226211458351
0.73 0.675123658810189 0.253581651409864 0.742871707191469
0.74 0.682505423845143 0.260369875076536 0.733481299799428
0.75 0.689793284806178 0.267231446873187 0.724090892407387
0.76 0.696987241693291 0.274165427759079 0.714700485015347
0.77 0.704087294506485 0.281170878693473 0.705310077623306
0.78 0.711093443245757 0.288246860635629 0.695919670231265
0.79 0.71800568791111 0.295392434544809 0.686529262839225
0.8 0.724824028502542 0.302606661380272 0.677138855447184
0.810000000000001 0.731548465020054 0.30988860210128 0.667748448055143
0.820000000000001 0.738178997463645 0.317237317667093 0.658358040663102
0.830000000000001 0.744715625833316 0.324651869036973 0.648967633271062
0.840000000000001 0.751158350129066 0.33213131717018 0.639577225879021
0.850000000000001 0.757507170350896 0.339674723025975 0.63018681848698
0.860000000000001 0.763762086498806 0.347281147563618 0.620796411094939
0.870000000000001 0.769923098572795 0.354949651742371 0.611406003702899
0.880000000000001 0.775990206572864 0.362679296521494 0.602015596310858
0.890000000000001 0.781963410499012 0.370469142860249 0.592625188918817
0.900000000000001 0.78784271035124 0.378318251717895 0.583234781526776
0.910000000000001 0.793628106129548 0.386225684053694 0.573844374134736
0.920000000000001 0.799319597833935 0.394190500826906 0.564453966742695
0.930000000000001 0.804917185464401 0.402211762996793 0.555063559350654
0.940000000000001 0.810420869020948 0.410288531522614 0.545673151958614
0.950000000000001 0.815830648503574 0.418419867363632 0.536282744566573
0.960000000000001 0.821146523912279 0.426604831479106 0.526892337174532
0.970000000000001 0.826368495247064 0.434842484828298 0.517501929782491
0.980000000000001 0.831496562507929 0.443131888370468 0.508111522390451
0.990000000000001 0.836530725694873 0.451472103064877 0.49872111499841
1 0.841470984807897 0.459862189870785 0.489330707606369
1.01 0.846328835343158 0.468301248065775 0.482239399445807
1.02 0.851115772796814 0.47678853020071 0.475148091285245
1.03 0.855831797168863 0.485323327144773 0.468056783124683
1.04 0.860476908459307 0.493904929767148 0.46096547496412
1.05 0.865051106668145 0.50253262893702 0.453874166803558
1.06 0.869554391795378 0.511205715523573 0.446782858642996
1.07 0.873986763841005 0.519923480395989 0.439691550482434
1.08 0.878348222805027 0.528685214423454 0.432600242321871
1.09 0.882638768687443 0.537490208475151 0.425508934161309
1.1 0.886858401488253 0.546337753420264 0.418417626000747
1.11 0.891007121207458 0.555227140127978 0.411326317840185
1.12 0.895084927845057 0.564157659467475 0.404235009679623
1.13 0.89909182140105 0.57312860230794 0.39714370151906
1.14 0.903027801875438 0.582139259518557 0.390052393358498
1.15 0.90689286926822 0.59118892196851 0.382961085197936
1.16 0.910687023579397 0.600276880526983 0.375869777037374
1.17 0.914410264808968 0.609402426063159 0.368778468876811
1.18 0.918062592956933 0.618564849446224 0.361687160716249
1.19 0.921644008023293 0.627763441545359 0.354595852555687
1.2 0.925154510008047 0.636997493229751 0.347504544395125
1.21 0.928594098911195 0.646266295368582 0.340413236234562
1.22 0.931962774732738 0.655569138831036 0.333321928074
1.23 0.935260537472675 0.664905314486298 0.326230619913438
1.24 0.938487387131007 0.674274113203551 0.319139311752876
1.25 0.941643323707733 0.683674825851979 0.312048003592313
1.26 0.944728347202853 0.693106743300767 0.304956695431751
1.27 0.947742457616368 0.702569156419098 0.297865387271189
1.28 0.950685654948277 0.712061356076156 0.290774079110627
1.29 0.95355793919858 0.721582633141124 0.283682770950065
1.3 0.956359310367278 0.731132278483188 0.276591462789502
1.31 0.95908976845437 0.740709582971531 0.26950015462894
1.32 0.961749313459857 0.750313837475337 0.262408846468378
1.33 0.964337945383738 0.75994433286379 0.255317538307816
1.34 0.966855664226013 0.769600360006073 0.248226230147253
1.35 0.969302469986683 0.779281209771371 0.241134921986691
1.36 0.971678362665747 0.788986173028868 0.234043613826129
1.37 0.973983342263206 0.798714540647748 0.226952305665567
1.38 0.976217408779058 0.808465603497194 0.219860997505004
1.39 0.978380562213305 0.81823865244639 0.212769689344442
1.4 0.980472802565947 0.828032978364521 0.20567838118388
1.41 0.982494129836983 0.837847872120771 0.198587073023318
1.42 0.984444544026414 0.847682624584322 0.191495764862756
1.43 0.986324045134238 0.85753652662436 0.184404456702193
1.44 0.988132633160457 0.867408869110068 0.177313148541631
1.45 0.989870308105071 0.87729894291063 0.170221840381069
1.46 0.991537069968079 0.887206038895231 0.163130532220507
1.47 0.993132918749481 0.897129447933053 0.156039224059944
1.48 0.994657854449278 0.907068460893282 0.148947915899382
1.49 0.996111877067469 0.9170223686451 0.14185660773882
1.5 0.997494986604054 0.926990462057693 0.134765299578257
1.51 0.99878040751601 0.936971942748433 0.122318882812857
1.52 0.999941364260311 0.946965655327454 0.109872466047457
1.53 1.00097785683696 0.95697035515308 0.0974260492820568
1.54 1.00188988524595 0.966984797583634 0.0849796325166566
1.55 1.00267744948729 0.97700773797744 0.0725332157512565
1.56 1.00334054956098 0.987037931692821 0.0600867989858564
1.57 1.00387918546701 0.997074134088101 0.0476403822204563
1.58 1.00429335720539 1.0071151005216 0.0351939654550562
1.59 1.00458306477611 1.01715958635165 0.0227475486896561
1.6 1.00474830817918 1.02720634693657 0.010301131924256
1.61 1.0047890874146 1.03725413763467 -0.0021452848411441
1.62 1.00470540248236 1.0473017138043 -0.0145917016065442
1.63 1.00449725338246 1.05734783080376 -0.0270381183719443
1.64 1.00416464011492 1.06739124399139 -0.0394845351373444
1.65 1.00370756267972 1.0774307087255 -0.0519309519027445
1.66 1.00312602107686 1.08746498036443 -0.0643773686681446
1.67 1.00242001530635 1.09749281426648 -0.0768237854335447
1.68 1.00158954536819 1.10751296578999 -0.0892702021989448
1.69 1.00063461126238 1.11752419029329 -0.101716618964345
1.7 0.999555212988905 1.12752524313468 -0.114163035729745
1.71 0.998351350547781 1.13751487967251 -0.126609452495145
1.72 0.997023023939002 1.14749185526508 -0.139055869260545
1.73 0.99557023316257 1.15745492527073 -0.151502286025945
1.74 0.993992978218484 1.16740284504777 -0.163948702791345
1.75 0.992291259106743 1.17733436995454 -0.176395119556746
1.76 0.990465075827349 1.18724825534935 -0.188841536322146
1.77 0.9885144283803 1.19714325659053 -0.201287953087546
1.78 0.986439316765598 1.20701812903639 -0.213734369852946
1.79 0.984239740983241 1.21687162804528 -0.226180786618346
1.8 0.981915701033231 1.2267025089755 -0.238627203383746
1.81 0.979467196915566 1.23650952718538 -0.251073620149146
1.82 0.976894228630248 1.24629143803325 -0.263520036914546
1.83 0.974196796177275 1.25604699687743 -0.275966453679946
1.84 0.971374899556649 1.26577495907624 -0.288412870445347
1.85 0.968428538768369 1.275474079988 -0.300859287210747
1.86 0.965357713812434 1.28514311497105 -0.313305703976147
1.87 0.962162424688846 1.29478081938369 -0.325752120741547
1.88 0.958842671397603 1.30438594858427 -0.338198537506947
1.89 0.955398453938706 1.31395725793109 -0.350644954272347
1.9 0.951829772312156 1.32349350278248 -0.363091371037747
1.91 0.948136626517952 1.33299343849677 -0.375537787803147
1.92 0.944319016556093 1.34245582043228 -0.387984204568547
1.93 0.940376942426581 1.35187940394734 -0.400430621333947
1.94 0.936310404129414 1.36126294440025 -0.412877038099348
1.95 0.932119401664594 1.37060519714936 -0.425323454864748
1.96 0.927803935032119 1.37990491755299 -0.437769871630148
1.97 0.923364004231991 1.38916086096945 -0.450216288395548
1.98 0.918799609264208 1.39837178275707 -0.462662705160948
1.99 0.914110750128772 1.40753643827417 -0.475109121926348
2 0.909297426825681 1.41665358287909 -0.487555538691747
2.01 0.904395052433414 1.42572208997372 -0.492919339761815
2.02 0.899439040030445 1.43474130513438 -0.498283140831883
2.03 0.894429389616776 1.44371069198096 -0.503646941901951
2.04 0.889366101192406 1.45262971413335 -0.509010742972019
2.05 0.884249174757336 1.46149783521144 -0.514374544042087
2.06 0.879078610311565 1.47031451883513 -0.519738345112155
2.07 0.873854407855093 1.4790792286243 -0.525102146182223
2.08 0.868576567387921 1.48779142819886 -0.530465947252291
2.09 0.863245088910048 1.49645058117869 -0.535829748322359
2.1 0.857859972421474 1.50505615118369 -0.541193549392427
2.11 0.852421217922199 1.51360760183375 -0.546557350462495
2.12 0.846928825412224 1.52210439674877 -0.551921151532563
2.13 0.841382794891548 1.53054599954863 -0.557284952602632
2.14 0.835783126360172 1.53893187385323 -0.5626487536727
2.15 0.830129819818094 1.54726148328246 -0.568012554742768
2.16 0.824422875265317 1.55553429145622 -0.573376355812836
2.17 0.818662292701838 1.5637497619944 -0.578740156882904
2.18 0.812848072127659 1.57190735851689 -0.584103957952972
2.19 0.806980213542779 1.58000654464358 -0.58946775902304
2.2 0.801058716947198 1.58804678399437 -0.594831560093108
2.21 0.795083582340917 1.59602754018916 -0.600195361163176
2.22 0.789054809723935 1.60394827684782 -0.605559162233244
2.23 0.782972399096252 1.61180845759027 -0.610922963303312
2.24 0.776836350457869 1.61960754603638 -0.61628676437338
2.25 0.770646663808785 1.62734500580605 -0.621650565443448
2.26 0.764403339149 1.63502030051919 -0.627014366513516
2.27 0.758106376478515 1.64263289379566 -0.632378167583584
2.28 0.751755775797329 1.65018224925539 -0.637741968653652
2.29 0.745351537105442 1.65766783051824 -0.64310576972372
2.29999999999999 0.738893660402855 1.66508910120413 -0.648469570793788
2.30999999999999 0.732382145689567 1.67244552493293 -0.653833371863856
2.31999999999999 0.725816992965578 1.67973656532455 -0.659197172933924
2.32999999999999 0.719198202230888 1.68696168599887 -0.664560974003992
2.33999999999999 0.712525773485498 1.6941203505758 -0.66992477507406
2.34999999999999 0.705799706729408 1.70121202267521 -0.675288576144128
2.35999999999999 0.699020001962616 1.70823616591701 -0.680652377214196
2.36999999999999 0.692186659185124 1.7151922439211 -0.686016178284264
2.37999999999999 0.685299678396931 1.72207972030735 -0.691379979354332
2.38999999999999 0.678359059598038 1.72889805869567 -0.696743780424401
2.39999999999999 0.671364802788443 1.73564672270594 -0.702107581494469
2.40999999999999 0.664316907968148 1.74232517595806 -0.707471382564537
2.41999999999999 0.657215375137153 1.74893288207193 -0.712835183634605
2.42999999999999 0.650060204295457 1.75546930466744 -0.718198984704673
2.43999999999999 0.64285139544306 1.76193390736447 -0.723562785774741
2.44999999999999 0.635588948579962 1.76832615378293 -0.728926586844809
2.45999999999999 0.628272863706164 1.7746455075427 -0.734290387914877
2.46999999999999 0.620903140821665 1.78089143226368 -0.739654188984945
2.47999999999999 0.613479779926465 1.78706339156577 -0.745017990055013
2.48999999999999 0.606002781020565 1.79316084906884 -0.750381791125081
2.49999999999999 0.598472144103964 1.79918326839281 -0.755745592195149
2.50999999999999 0.590882896446034 1.80513009658179 -0.762103939390869
2.51999999999999 0.583230065316147 1.81100071437682 -0.76846228658659
2.52999999999999 0.575513650714303 1.8167944859432 -0.774820633782311
2.53999999999999 0.567733652640501 1.8225107754462 -0.781178980978032
2.54999999999999 0.559890071094742 1.82814894705111 -0.787537328173753
2.55999999999999 0.551982906077026 1.83370836492319 -0.793895675369473
2.56999999999999 0.544012157587353 1.83918839322774 -0.800254022565194
2.57999999999999 0.535977825625723 1.84458839613003 -0.806612369760915
2.58999999999999 0.527879910192135 1.84990773779535 -0.812970716956636
2.59999999999999 0.51971841128659 1.85514578238897 -0.819329064152357
2.60999999999999 0.511493328909089 1.86030189407617 -0.825687411348078
2.61999999999999 0.503204663059629 1.86537543702224 -0.832045758543799
2.62999999999999 0.494852413738213 1.87036577539246 -0.83840410573952
2.63999999999999 0.486436580944839 1.8752722733521 -0.844762452935241
2.64999999999999 0.477957164679508 1.88009429506645 -0.851120800130962
2.65999999999999 0.46941416494222 1.88483120470078 -0.857479147326683
2.66999999999999 0.460807581732975 1.88948236642039 -0.863837494522403
2.67999999999999 0.452137415051773 1.89404714439054 -0.870195841718124
2.68999999999999 0.443403664898613 1.89852490277651 -0.876554188913845
2.69999999999999 0.434606331273496 1.9029150057436 -0.882912536109566
2.70999999999999 0.425745414176422 1.90721681745708 -0.889270883305287
2.71999999999999 0.416820913607391 1.91142970208222 -0.895629230501008
2.72999999999999 0.407832829566402 1.91555302378432 -0.901987577696729
2.73999999999999 0.398781162053457 1.91958614672864 -0.90834592489245
2.74999999999999 0.389665911068554 1.92352843508048 -0.914704272088171
2.75999999999999 0.380487076611694 1.92737925300511 -0.921062619283892
2.76999999999998 0.371244658682876 1.93113796466781 -0.927420966479612
2.77999999999998 0.361938657282102 1.93480393423386 -0.933779313675333
2.78999999999998 0.35256907240937 1.93837652586854 -0.940137660871054
2.79999999999998 0.343135904064681 1.94185510373714 -0.946496008066775
2.80999999999998 0.333639152248035 1.94523903200493 -0.952854355262496
2.81999999999998 0.324078816959431 1.94852767483719 -0.959212702458217
2.82999999999998 0.314454898198871 1.95172039639921 -0.965571049653938
2.83999999999998 0.304767395966353 1.95481656085626 -0.971929396849659
2.84999999999998 0.295016310261878 1.95781553237363 -0.97828774404538
2.85999999999998 0.285201641085446 1.9607166751166 -0.984646091241101
2.86999999999998 0.275323388437057 1.96351935325043 -0.991004438436822
2.87999999999998 0.26538155231671 1.96622293094043 -0.997362785632542
2.88999999999998 0.255376132724406 1.96882677235186 -1.00372113282826
2.89999999999998 0.245307129660145 1.97133024165001 -1.01007948002398
2.90999999999998 0.235174543123927 1.97373270300016 -1.01643782721971
2.91999999999998 0.224978373115751 1.97603352056758 -1.02279617441543
2.92999999999998 0.214718619635619 1.97823205851757 -1.02915452161115
2.93999999999998 0.204395282683529 1.98032768101539 -1.03551286880687
2.94999999999998 0.194008362259482 1.98231975222633 -1.04187121600259
2.95999999999998 0.183557858363478 1.98420763631567 -1.04822956319831
2.96999999999998 0.173043770995516 1.98599069744869 -1.05458791039403
2.97999999999998 0.162466100155597 1.98766829979068 -1.06094625758975
2.98999999999998 0.151824845843722 1.9892398075069 -1.06730460478547
2.99999999999998 0.141120008059888 1.99070458476264 -1.07366295198119
3.00999999999998 0.130401349836173 1.99206216159996 -1.07006869276192
3.01999999999998 0.11971863420465 1.99331273156801 -1.06647443354263
3.02999999999998 0.109071861165321 1.9944566540927 -1.06288017432335
3.03999999999998 0.098461030718184 1.99549428859996 -1.05928591510406
3.04999999999998 0.0878861428632401 1.9964259945157 -1.05569165588477
3.05999999999998 0.0773471976004891 1.99725213126586 -1.05209739666548
3.06999999999998 0.066844194929931 1.99797305827635 -1.04850313744619
3.07999999999998 0.0563771348515658 1.9985891349731 -1.0449088782269
3.08999999999998 0.0459460173653934 1.99910072078202 -1.04131461900761
3.09999999999998 0.035550842471414 1.99950817512905 -1.03772035978832
3.10999999999998 0.0251916101696274 1.99981185744009 -1.03412610056903
3.11999999999998 0.0148683204600338 2.00001212714108 -1.03053184134974
3.12999999999998 0.00458097334263303 2.00010934365793 -1.02693758213045
3.13999999999998 -0.00567043118257484 2.00010386641657 -1.02334332291116
3.14999999999998 -0.0158858931155898 1.99999605484292 -1.01974906369188
3.15999999999998 -0.0260654124564119 1.9997862683629 -1.01615480447259
3.16999999999998 -0.0362089892050411 1.99947486640244 -1.0125605452533
3.17999999999998 -0.0463166233614774 1.99906220838744 -1.00896628603401
3.18999999999998 -0.0563883149257208 1.99854865374385 -1.00537202681472
3.19999999999998 -0.0664240638977714 1.99793456189757 -1.00177776759543
3.20999999999998 -0.076423870277629 1.99722029227453 -0.99818350837614
3.21999999999998 -0.0863877340652937 1.99640620430066 -0.994589249156851
3.22999999999998 -0.0963156552607656 1.99549265740187 -0.990994989937562
3.23999999999997 -0.106207633864045 1.99448001100408 -0.987400730718272
3.24999999999997 -0.116063669875131 1.99336862453323 -0.983806471498983
3.25999999999997 -0.125883763294024 1.99215885741522 -0.980212212279694
3.26999999999997 -0.135667914120724 1.99085106907599 -0.976617953060405
3.27999999999997 -0.145416122355231 1.98944561894145 -0.973023693841116
3.28999999999997 -0.155128387997546 1.98794286643752 -0.969429434621826
3.29999999999997 -0.164804711047668 1.98634317099014 -0.965835175402537
3.30999999999997 -0.174445091505596 1.98464689202521 -0.962240916183248
3.31999999999997 -0.184049529371332 1.98285438896867 -0.958646656963959
3.32999999999997 -0.193618024644875 1.98096602124643 -0.95505239774467
3.33999999999997 -0.203150577326225 1.97898214828441 -0.95145813852538
3.34999999999997 -0.212647187415382 1.97690312950854 -0.947863879306091
3.35999999999997 -0.222107854912347 1.97472932434474 -0.944269620086802
3.36999999999997 -0.231532579817118 1.97246109221894 -0.940675360867513
3.37999999999997 -0.240921362129696 1.97009879255704 -0.937081101648224
3.38999999999997 -0.250274201850082 1.96764278478498 -0.933486842428934
3.39999999999997 -0.259591098978275 1.96509342832868 -0.929892583209645
3.40999999999997 -0.268872053514275 1.96245108261406 -0.926298323990356
3.41999999999997 -0.278117065458081 1.95971610706704 -0.922704064771067
3.42999999999997 -0.287326134809695 1.95688886111354 -0.919109805551777
3.43999999999997 -0.296499261569116 1.95396970417948 -0.915515546332488
3.44999999999997 -0.305636445736345 1.95095899569079 -0.911921287113199
3.45999999999997 -0.31473768731138 1.9478570950734 -0.90832702789391
3.46999999999997 -0.323802986294223 1.94466436175321 -0.904732768674621
3.47999999999997 -0.332832342684872 1.94138115515615 -0.901138509455331
3.48999999999997 -0.341825756483329 1.93800783470815 -0.897544250236042
3.49999999999997 -0.350783227689593 1.93454475983513 -0.893949991016753
3.50999999999997 -0.359706345308604 1.93099228466632 -0.890673532785547
3.51999999999997 -0.368596698345303 1.92735074214423 -0.887397074554342
3.52999999999997 -0.37745428679969 1.92362045991469 -0.884120616323137
3.53999999999997 -0.386279110671766 1.91980176562351 -0.880844158091932
3.54999999999997 -0.395071169961529 1.91589498691652 -0.877567699860727
3.55999999999997 -0.40383046466898 1.91190045143955 -0.874291241629522
3.56999999999997 -0.412556994794119 1.90781848683842 -0.871014783398317
3.57999999999997 -0.421250760336946 1.90364942075895 -0.867738325167112
3.58999999999997 -0.429911761297461 1.89939358084696 -0.864461866935907
3.59999999999997 -0.438539997675663 1.89505129474827 -0.861185408704702
3.60999999999997 -0.447135469471554 1.89062289010872 -0.857908950473497
3.61999999999997 -0.455698176685133 1.88610869457411 -0.854632492242292
3.62999999999997 -0.4642281193164 1.88150903579029 -0.851356034011088
3.63999999999997 -0.472725297365354 1.87682424140306 -0.848079575779882
3.64999999999997 -0.481189710831997 1.87205463905826 -0.844803117548678
3.65999999999997 -0.489621359716328 1.8672005564017 -0.841526659317473
3.66999999999997 -0.498020244018346 1.8622623210792 -0.838250201086268
3.67999999999997 -0.506386363738053 1.8572402607366 -0.834973742855063
3.68999999999997 -0.514719718875447 1.85213470301972 -0.831697284623858
3.69999999999997 -0.523020309430529 1.84694597557437 -0.828420826392653
3.70999999999996 -0.5312881354033 1.84167440604638 -0.825144368161448
3.71999999999996 -0.539523196793758 1.83632032208158 -0.821867909930243
3.72999999999996 -0.547725493601904 1.83088405132578 -0.818591451699038
3.73999999999996 -0.555895025827738 1.82536592142481 -0.815314993467833
3.74999999999996 -0.564031793471261 1.8197662600245 -0.812038535236628
3.75999999999996 -0.572135796532471 1.81408539477066 -0.808762077005423
3.76999999999996 -0.580207035011369 1.80832365330913 -0.805485618774218
3.77999999999996 -0.588245508907955 1.80248136328571 -0.802209160543013
3.78999999999996 -0.596251218222229 1.79655885234624 -0.798932702311808
3.79999999999996 -0.60422416295419 1.79055644813654 -0.795656244080603
3.80999999999996 -0.61216434310384 1.78447447830243 -0.792379785849398
3.81999999999996 -0.620071758671178 1.77831327048974 -0.789103327618193
3.82999999999996 -0.627946409656204 1.77207315234428 -0.785826869386988
3.83999999999996 -0.635788296058918 1.76575445151189 -0.782550411155783
3.84999999999996 -0.643597417879319 1.75935749563838 -0.779273952924578
3.85999999999996 -0.651373775117409 1.75288261236958 -0.775997494693373
3.86999999999996 -0.659117367773186 1.74633012935131 -0.772721036462168
3.87999999999996 -0.666828195846652 1.73970037422939 -0.769444578230963
3.88999999999996 -0.674506259337805 1.73299367464965 -0.766168119999758
3.89999999999996 -0.682151558246647 1.72621035825791 -0.762891661768553
3.90999999999996 -0.689764092573176 1.71935075269999 -0.759615203537348
3.91999999999996 -0.697343862317393 1.71241518562172 -0.756338745306143
3.92999999999996 -0.704890867479298 1.70540398466892 -0.753062287074938
3.93999999999996 -0.712405108058892 1.69831747748741 -0.749785828843733
3.94999999999996 -0.719886584056173 1.69115599172301 -0.746509370612528
3.95999999999996 -0.727335295471142 1.68391985502156 -0.743232912381323
3.96999999999996 -0.734751242303799 1.67660939502887 -0.739956454150118
3.97999999999996 -0.742134424554144 1.66922493939076 -0.736679995918913
3.98999999999996 -0.749484842222177 1.66176681575306 -0.733403537687708
3.99999999999996 -0.756802495307898 1.65423535176159 -0.730127079456503
4.00999999999996 -0.764046031735515 1.64663101290243 -0.718580206066851
4.01999999999996 -0.771174099429235 1.63895481602266 -0.707033332677165
4.02999999999996 -0.778186698389058 1.63120791580962 -0.69548645928748
4.03999999999996 -0.785083828614984 1.62339146695066 -0.683939585897794
4.04999999999996 -0.791865490107014 1.6155066241331 -0.672392712508108
4.05999999999996 -0.798531682865146 1.6075545420443 -0.660845839118422
4.06999999999996 -0.805082406889382 1.59953637537158 -0.649298965728736
4.07999999999996 -0.81151766217972 1.59145327880229 -0.63775209233905
4.08999999999996 -0.817837448736162 1.58330640702376 -0.626205218949365
4.09999999999996 -0.824041766558707 1.57509691472335 -0.614658345559679
4.10999999999996 -0.830130615647356 1.56682595658837 -0.603111472169993
4.11999999999996 -0.836103996002107 1.55849468730618 -0.591564598780307
4.12999999999996 -0.841961907622962 1.55010426156411 -0.580017725390621
4.13999999999996 -0.847704350509919 1.5416558340495 -0.568470852000935
4.14999999999996 -0.85333132466298 1.53315055944969 -0.55692397861125
4.15999999999996 -0.858842830082144 1.52458959245202 -0.545377105221564
4.16999999999996 -0.864238866767411 1.51597408774383 -0.533830231831878
4.17999999999996 -0.869519434718781 1.50730520001245 -0.522283358442192
4.18999999999996 -0.874684533936255 1.49858408394523 -0.510736485052506
4.19999999999995 -0.879734164419831 1.48981189422951 -0.499189611662821
4.20999999999995 -0.884668326169511 1.48098978555261 -0.487642738273135
4.21999999999995 -0.889487019185294 1.4721189126019 -0.476095864883449
4.22999999999995 -0.89419024346718 1.46320043006469 -0.464548991493763
4.23999999999995 -0.898777999015169 1.45423549262833 -0.453002118104077
4.24999999999995 -0.903250285829261 1.44522525498017 -0.441455244714391
4.25999999999995 -0.907607103909456 1.43617087180753 -0.429908371324706
4.26999999999995 -0.911848453255755 1.42707349779776 -0.41836149793502
4.27999999999995 -0.915974333868157 1.41793428763819 -0.406814624545334
4.28999999999995 -0.919984745746661 1.40875439601617 -0.395267751155648
4.29999999999995 -0.923879688891269 1.39953497761904 -0.383720877765962
4.30999999999995 -0.927659163301981 1.39027718713413 -0.372174004376276
4.31999999999995 -0.931323168978795 1.38098217924878 -0.360627130986591
4.32999999999995 -0.934871705921712 1.37165110865033 -0.349080257596905
4.33999999999995 -0.938304774130733 1.36228513002612 -0.337533384207219
4.34999999999995 -0.941622373605857 1.3528853980635 -0.325986510817533
4.35999999999995 -0.944824504347083 1.34345306744979 -0.314439637427847
4.36999999999995 -0.947911166354413 1.33398929287234 -0.302892764038162
4.37999999999995 -0.950882359627846 1.32449522901848 -0.291345890648476
4.38999999999995 -0.953738084167383 1.31497203057556 -0.27979901725879
4.39999999999995 -0.956478339973022 1.30542085223091 -0.268252143869104
4.40999999999995 -0.959103127044765 1.29584284867188 -0.256705270479418
4.41999999999995 -0.96161244538261 1.2862391745858 -0.245158397089732
4.42999999999995 -0.964006294986559 1.27661098466001 -0.233611523700047
4.43999999999995 -0.966284675856611 1.26695943358185 -0.222064650310361
4.44999999999995 -0.968447587992766 1.25728567603865 -0.210517776920675
4.45999999999995 -0.970495031395025 1.24759086671777 -0.198970903530989
4.46999999999995 -0.972427006063386 1.23787616030653 -0.187424030141303
4.47999999999995 -0.974243511997851 1.22814271149228 -0.175877156751617
4.48999999999995 -0.975944549198418 1.21839167496236 -0.164330283361932
4.49999999999995 -0.977530117665089 1.20862420540409 -0.152783409972246
4.50999999999995 -0.979019952745616 1.19884139172034 -0.145183606133181
4.51999999999995 -0.980433789787753 1.18904405967598 -0.137583802294137
4.52999999999995 -0.981771628791499 1.17923296925138 -0.129983998455093
4.53999999999995 -0.983033469756854 1.16940888042694 -0.122384194616049
4.54999999999995 -0.98421931268382 1.15957255318304 -0.114784390777005
4.55999999999995 -0.985329157572395 1.14972474750006 -0.107184586937961
4.56999999999995 -0.986363004422579 1.13986622335839 -0.0995847830989174
4.57999999999995 -0.987320853234373 1.1299977407384 -0.0919849792598734
4.58999999999995 -0.988202704007776 1.1201200596205 -0.0843851754208294
4.59999999999995 -0.98900855674279 1.11023393998504 -0.0767853715817854
4.60999999999995 -0.989738411439412 1.10034014181243 -0.0691855677427413
4.61999999999995 -0.990392268097644 1.09043942508305 -0.0615857639036973
4.62999999999995 -0.990970126717486 1.08053254977728 -0.0539859600646533
4.63999999999995 -0.991471987298937 1.0706202758755 -0.0463861562256093
4.64999999999995 -0.991897849841998 1.06070336335809 -0.0387863523865653
4.65999999999995 -0.992247714346668 1.05078257220545 -0.0311865485475213
4.66999999999994 -0.992521580812948 1.04085866239795 -0.0235867447084773
4.67999999999994 -0.992719449240838 1.03093239391599 -0.0159869408694333
4.68999999999994 -0.992841319630337 1.02100452673993 -0.00838713703038926
4.69999999999994 -0.992887191981446 1.01107582085018 -0.000787333191345246
4.70999999999994 -0.992857066294164 1.0011470362271 0.00681247064769877
4.71999999999994 -0.992750942568492 0.991218932851088 0.0144122744867428
4.72999999999994 -0.992568820804429 0.981292270702525 0.0220120783257868
4.73999999999994 -0.992310701001976 0.971367809761794 0.0296118821648308
4.74999999999994 -0.991976583161133 0.96144631000928 0.0372116860038748
4.75999999999994 -0.991566467281899 0.951528531425367 0.0448114898429188
4.76999999999994 -0.991080353364274 0.941615233990437 0.0524112936819628
4.77999999999994 -0.990518241408259 0.931707177684876 0.0600110975210068
4.78999999999994 -0.989880131413854 0.921805122489067 0.0676109013600509
4.79999999999994 -0.989166023381059 0.911909828383394 0.0752107051990948
4.80999999999994 -0.988375917309872 0.902022055348241 0.0828105090381389
4.81999999999994 -0.987509813200296 0.892142563363992 0.0904103128771829
4.82999999999994 -0.986567711052329 0.88227211241103 0.0980101167162269
4.83999999999994 -0.985549610865971 0.87241146246974 0.105609920555271
4.84999999999994 -0.984455512641223 0.862561373520506 0.113209724394315
4.85999999999994 -0.983285416378085 0.852722605543711 0.120809528233359
4.86999999999994 -0.982039322076556 0.842895918519739 0.128409332072403
4.87999999999994 -0.980717229736637 0.833082072428975 0.136009135911447
4.88999999999994 -0.979319139358327 0.823281827251801 0.143608939750491
4.89999999999994 -0.977845050941627 0.813495942968603 0.151208743589535
4.90999999999994 -0.976294964486537 0.803725179559764 0.158808547428579
4.91999999999994 -0.974668879993056 0.793970297005667 0.166408351267623
4.92999999999994 -0.972966797461184 0.784232055286698 0.174008155106667
4.93999999999994 -0.971188716890922 0.774511214383239 0.181607958945711
4.94999999999994 -0.96933463828227 0.764808534275674 0.189207762784755
4.95999999999994 -0.967404561635227 0.755124774944389 0.196807566623799
4.96999999999994 -0.965398486949794 0.745460696369765 0.204407370462843
4.97999999999994 -0.963316414225971 0.735817058532188 0.212007174301887
4.98999999999994 -0.961158343463757 0.726194621412041 0.219606978140931
4.99999999999994 -0.958924274663152 0.716594144989708 0.227206781979975
5.00999999999994 -0.956596294620112 0.707016448956253 0.238389226628171
5.01999999999994 -0.954156490130589 0.697462591845461 0.24957167127639
5.02999999999994 -0.951604861194584 0.687933691901796 0.260754115924608
5.03999999999994 -0.948941407812097 0.678430867369724 0.271936560572827
5.04999999999994 -0.946166129983128 0.66895523649371 0.283119005221045
5.05999999999994 -0.943279027707676 0.659507917518217 0.294301449869264
5.06999999999994 -0.940280100985742 0.650090028687711 0.305483894517483
5.07999999999994 -0.937169349817326 0.640702688246658 0.316666339165701
5.08999999999994 -0.933946774202428 0.63134701443952 0.32784878381392
5.09999999999994 -0.930612374141048 0.622024125510764 0.339031228462138
5.10999999999994 -0.927166149633186 0.612735139704855 0.350213673110357
5.11999999999994 -0.923608100678841 0.603481175266256 0.361396117758575
5.12999999999994 -0.919938227278014 0.594263350439433 0.372578562406794
5.13999999999993 -0.916156529430705 0.585082783468851 0.383761007055012
5.14999999999993 -0.912263007136914 0.575940592598974 0.394943451703231
5.15999999999993 -0.908257660396641 0.566837896074268 0.40612589635145
5.16999999999993 -0.904140489209886 0.557775812139197 0.417308340999668
5.17999999999993 -0.899911493576648 0.548755459038226 0.428490785647887
5.18999999999993 -0.895570673496928 0.539777955015819 0.439673230296105
5.19999999999993 -0.891118028970726 0.530844418316442 0.450855674944324
5.20999999999993 -0.886553559998042 0.52195596718456 0.462038119592542
5.21999999999993 -0.881877266578875 0.513113719864637 0.473220564240761
5.22999999999993 -0.877089148713227 0.504318794601138 0.484403008888979
5.23999999999993 -0.872189206401096 0.495572309638528 0.495585453537198
5.24999999999993 -0.867177439642483 0.486875383221271 0.506767898185416
5.25999999999993 -0.862053848437388 0.478229133593833 0.517950342833635
5.26999999999993 -0.85681843278581 0.469634679000679 0.529132787481854
5.27999999999993 -0.851471192687751 0.461093137686272 0.540315232130072
5.28999999999993 -0.846012128143209 0.452605627895079 0.551497676778291
5.29999999999993 -0.840441239152185 0.444173267871564 0.562680121426509
5.30999999999993 -0.834758525714679 0.435797175860191 0.573862566074728
5.31999999999993 -0.828963987830691 0.427478470105425 0.585045010722946
5.32999999999993 -0.823057625500221 0.419218268851732 0.596227455371165
5.33999999999993 -0.817039438723268 0.411017690343576 0.607409900019383
5.34999999999993 -0.810909427499833 0.402877852825422 0.618592344667602
5.35999999999993 -0.804667591829916 0.394799874541735 0.629774789315821
5.36999999999993 -0.798313931713517 0.386784873736979 0.640957233964039
5.37999999999993 -0.791848447150636 0.37883396865562 0.652139678612258
5.38999999999993 -0.785271138141272 0.370948277542122 0.663322123260476
5.39999999999993 -0.778582004685426 0.36312891864095 0.674504567908695
5.40999999999993 -0.771781046783099 0.355377010196568 0.685687012556913
5.41999999999993 -0.764868264434289 0.347693670453443 0.696869457205132
5.42999999999993 -0.757843657638996 0.340080017656038 0.70805190185335
5.43999999999993 -0.750707226397222 0.332537170048818 0.719234346501569
5.44999999999993 -0.743458970708965 0.325066245876249 0.730416791149787
5.45999999999993 -0.736098890574226 0.317668363382794 0.741599235798006
5.46999999999993 -0.728626985993005 0.310344640812919 0.752781680446225
5.47999999999993 -0.721043256965302 0.303096196411089 0.763964125094443
5.48999999999993 -0.713347703491117 0.295924148421769 0.775146569742662
5.49999999999993 -0.705540325570449 0.288829615089422 0.78632901439088
5.50999999999993 -0.69766385129847 0.281813572231531 0.788965840005021
5.51999999999993 -0.689761008770349 0.27487642595764 0.7916026656191
5.52999999999993 -0.681831797986088 0.268018439950311 0.794239491233179
5.53999999999993 -0.673876218945686 0.261239877892106 0.796876316847257
5.54999999999993 -0.665894271649143 0.254541003465585 0.799513142461336
5.55999999999993 -0.65788595609646 0.24792208035331 0.802149968075415
5.56999999999993 -0.649851272287635 0.241383372237843 0.804786793689494
5.57999999999993 -0.64179022022267 0.234925142801745 0.807423619303572
5.58999999999993 -0.633702799901564 0.228547655727577 0.810060444917651
5.59999999999993 -0.625589011324317 0.222251174697901 0.81269727053173
5.60999999999992 -0.61744885449093 0.216035963395278 0.815334096145809
5.61999999999992 -0.609282329401401 0.20990228550227 0.817970921759888
5.62999999999992 -0.601089436055733 0.203850404701438 0.820607747373966
5.63999999999992 -0.592870174453923 0.197880584675343 0.823244572988045
5.64999999999992 -0.584624544595972 0.191993089106547 0.825881398602124
5.65999999999992 -0.576352546481881 0.186188181677611 0.828518224216203
5.66999999999992 -0.568054180111648 0.180466126071096 0.831155049830281
5.67999999999992 -0.559729445485275 0.174827185969565 0.83379187544436
5.68999999999992 -0.551378342602761 0.169271625055578 0.836428701058439
5.69999999999992 -0.543000871464107 0.163799707011697 0.839065526672518
5.70999999999992 -0.534597032069311 0.158411695520484 0.841702352286596
5.71999999999992 -0.526166824418375 0.153107854264499 0.844339177900675
5.72999999999992 -0.517710248511298 0.147888446926303 0.846976003514754
5.73999999999992 -0.509227304348081 0.14275373718846 0.849612829128833
5.74999999999992 -0.500717991928722 0.137703988733529 0.852249654742911
5.75999999999992 -0.492182311253223 0.132739465244073 0.85488648035699
5.76999999999992 -0.483620262321583 0.127860430402652 0.857523305971069
5.77999999999992 -0.475031845133802 0.123067147891828 0.860160131585148
5.78999999999992 -0.46641705968988 0.118359881394163 0.862796957199226
5.79999999999992 -0.457775905989817 0.113738894592218 0.865433782813305
5.80999999999992 -0.449108384033614 0.109204451168554 0.868070608427384
5.81999999999992 -0.44041449382127 0.104756814805733 0.870707434041463
5.82999999999992 -0.431694235352785 0.100396249186316 0.873344259655542
5.83999999999992 -0.42294760862816 0.0961230179928649 0.87598108526962
5.84999999999992 -0.414174613647393 0.0919373849079404 0.878617910883699
5.85999999999992 -0.405375250410486 0.0878396136141043 0.881254736497778
5.86999999999992 -0.396549518917438 0.083829967793918 0.883891562111857
5.87999999999992 -0.387697419168249 0.0799087111299429 0.886528387725935
5.88999999999992 -0.37881895116292 0.0760761073047403 0.889165213340014
5.89999999999992 -0.369914114901449 0.0723324200008718 0.891802038954093
5.90999999999992 -0.360982910383838 0.0686779129008986 0.894438864568172
5.91999999999992 -0.352025337610086 0.0651128496873823 0.89707569018225
5.92999999999992 -0.343041396580194 0.0616374940428842 0.899712515796329
5.93999999999992 -0.33403108729416 0.0582521096499657 0.902349341410408
5.94999999999992 -0.324994409751986 0.0549569601911883 0.904986167024487
5.95999999999992 -0.315931363953671 0.0517523093491132 0.907622992638565
5.96999999999992 -0.306841949899215 0.0486384208063021 0.910259818252644
5.97999999999992 -0.297726167588618 0.0456155582453162 0.912896643866723
5.98999999999992 -0.288584017021881 0.042683985348717 0.915533469480802
5.99999999999992 -0.279415498199003 0.0398439657990659 0.91817029509488
6.00999999999992 -0.270219615112558 0.037095766598949 0.921006322194022
6.01999999999992 -0.260995371755123 0.0344396680310514 0.923842349293165
6.02999999999992 -0.251742768126695 0.0318759536980833 0.926678376392308
6.03999999999992 -0.242461804227277 0.0294049072027543 0.929514403491452
6.04999999999992 -0.233152480056867 0.0270268121477745 0.932350430590595
6.05999999999992 -0.223814795615465 0.0247419521358537 0.935186457689738
6.06999999999992 -0.214448750903072 0.0225506107697019 0.938022484788881
6.07999999999991 -0.205054345919688 0.020453071652029 0.940858511888024
6.08999999999991 -0.195631580665312 0.0184496183855448 0.943694538987168
6.09999999999991 -0.186180455139945 0.0165405345729594 0.946530566086311
6.10999999999991 -0.176700969343587 0.0147261038169827 0.949366593185454
6.11999999999991 -0.167193123276237 0.0130066097203244 0.952202620284597
6.12999999999991 -0.157656916937895 0.0113823358856946 0.95503864738374
6.13999999999991 -0.148092350328562 0.00985356591580323 0.957874674482884
6.14999999999991 -0.138499423448238 0.00842058341336011 0.960710701582027
6.15999999999991 -0.128878136296922 0.00708367198107517 0.96354672868117
6.16999999999991 -0.119228488874615 0.00584311522165835 0.966382755780313
6.17999999999991 -0.109550481181316 0.00469919673781956 0.969218782879457
6.18999999999991 -0.0998441132170261 0.00365220013226871 0.9720548099786
6.19999999999991 -0.0901093849817445 0.00270240900771572 0.974890837077743
6.20999999999991 -0.0803462964754716 0.0018501069668705 0.977726864176886
6.21999999999991 -0.0705548476982073 0.00109557761244296 0.980562891276029
6.22999999999991 -0.0607350386499515 0.000439104547143028 0.983398918375172
6.23999999999991 -0.0508868693307042 -0.000119028626319399 0.986234945474316
6.24999999999991 -0.0410103397404656 -0.000578538305234404 0.989070972573459
6.25999999999991 -0.0311054498792355 -0.000939140886892051 0.991906999672602
6.26999999999991 -0.0211721997470139 -0.00120055276858246 0.994743026771745
6.27999999999991 -0.011210589343801 -0.0013624903475957 0.997579053870889
6.28999999999991 -0.00122061866959657 -0.00142467002122183 1.00041508097003
6.29999999999991 0.0087977122755992 -0.00138680818675099 1.00325110806917
6.30999999999991 0.0188444034917865 -0.00124862124147322 1.00608713516832
6.31999999999991 0.0289194549789651 -0.00100982558267863 1.00892316226746
6.32999999999991 0.0390228667371353 -0.000670137607657287 1.0117591893666
6.33999999999991 0.0491546387662968 -0.000229273713699296 1.01459521646575
6.34999999999991 0.0593147710664498 0.000313049701905266 1.01743124356489
6.35999999999991 0.0695032636375942 0.000957116241866313 1.02026727066403
6.36999999999991 0.0797201164797301 0.00170320950889375 1.02310329776318
6.37999999999991 0.0899653295928573 0.00255161310569752 1.02593932486232
6.38999999999991 0.100238902976976 0.0035026106349875 1.02877535196146
6.39999999999991 0.110540836632086 0.00455648569947363 1.03161137906061
6.40999999999991 0.120871130558188 0.00571352190186582 1.03444740615975
6.41999999999991 0.131229784755281 0.00697400284487396 1.03728343325889
6.42999999999991 0.141616799223365 0.008338212131208 1.04011946035804
6.43999999999991 0.152032173962441 0.00980643336357785 1.04295548745718
6.44999999999991 0.162475908972508 0.0113789501446934 1.04579151455632
6.45999999999991 0.172948004253567 0.0130560460772646 1.04862754165547
6.46999999999991 0.183448459805617 0.0148380047640013 1.05146356875461
6.47999999999991 0.193977275628659 0.0167251098076135 1.05429959585375
6.48999999999991 0.204534451722692 0.0187176448108111 1.0571356229529
6.49999999999991 0.215119988087716 0.0208158933763039 1.05997165005204
6.50999999999991 0.225684456902479 0.0230199743473977 1.05292211290053
6.51999999999991 0.236178430345726 0.0253293475297816 1.04587257574892
6.52999999999991 0.246601908417457 0.0277433079697404 1.03882303859732
6.53999999999991 0.256954891117672 0.030261150713559 1.03177350144571
6.5499999999999 0.267237378446371 0.0328821708075221 1.02472396429411
6.5599999999999 0.277449370403554 0.0356056632979146 1.0176744271425
6.5699999999999 0.287590866989221 0.0384309232310213 1.0106248899909
6.5799999999999 0.297661868203372 0.0413572456531271 1.0035753528393
6.5899999999999 0.307662374046006 0.0443839256105169 0.99652581568769
6.5999999999999 0.317592384517125 0.0475102581494754 0.989476278536086
6.6099999999999 0.327451899616727 0.0507355383162875 0.982426741384481
6.6199999999999 0.337240919344814 0.0540590611572381 0.975377204232876
6.6299999999999 0.346959443701385 0.0574801217186119 0.968327667081272
6.6399999999999 0.356607472686439 0.0609980150466939 0.961278129929667
6.6499999999999 0.366185006299978 0.0646120361877689 0.954228592778062
6.6599999999999 0.375692044542 0.0683214801881216 0.947179055626458
6.6699999999999 0.385128587412506 0.072125642094037 0.940129518474853
6.6799999999999 0.394494634911497 0.0760238169517998 0.933079981323249
6.6899999999999 0.403790187038971 0.080015299807695 0.926030444171644
6.6999999999999 0.413015243794929 0.0840993857080073 0.918980907020039
6.7099999999999 0.422169805179371 0.0882753696990217 0.911931369868435
6.7199999999999 0.431253871192297 0.0925425468270229 0.90488183271683
6.7299999999999 0.440267441833707 0.0969002121382957 0.897832295565225
6.7399999999999 0.449210517103602 0.101347660679125 0.890782758413621
6.7499999999999 0.45808309700198 0.105884187495796 0.883733221262016
6.7599999999999 0.466885181528841 0.110509087634593 0.876683684110412
6.7699999999999 0.475616770684187 0.115221656141801 0.869634146958807
6.7799999999999 0.484277864468017 0.120021188063705 0.862584609807202
6.7899999999999 0.492868462880331 0.124906978446589 0.855535072655598
6.7999999999999 0.501388565921129 0.129878322336739 0.848485535503993
6.8099999999999 0.509838173590411 0.13493451478044 0.841435998352388
6.8199999999999 0.518217285888176 0.140074850823976 0.834386461200784
6.8299999999999 0.526525902814426 0.145298625513631 0.827336924049179
6.8399999999999 0.534764024369159 0.150605133895692 0.820287386897574
6.8499999999999 0.542931650552377 0.155993671016443 0.81323784974597
6.8599999999999 0.551028781364079 0.161463531922168 0.806188312594365
6.8699999999999 0.559055416804264 0.167014011659152 0.79913877544276
6.8799999999999 0.567011556872933 0.172644405273681 0.792089238291156
6.8899999999999 0.574897201570087 0.178354007812039 0.785039701139551
6.8999999999999 0.582712350895724 0.184142114320511 0.777990163987947
6.9099999999999 0.590457004849845 0.190008019845381 0.770940626836342
6.9199999999999 0.598131163432451 0.195951019432936 0.763891089684737
6.9299999999999 0.60573482664354 0.201970408129459 0.756841552533133
6.9399999999999 0.613267994483113 0.208065480981235 0.749792015381528
6.9499999999999 0.62073066695117 0.214235533034549 0.742742478229923
6.9599999999999 0.628122844047711 0.220479859335686 0.735692941078319
6.9699999999999 0.635444525772736 0.226797754930931 0.728643403926714
6.9799999999999 0.642695712126245 0.233188514866569 0.721593866775109
6.9899999999999 0.649876403108238 0.239651434188884 0.714544329623505
6.9999999999999 0.656986598718715 0.246185807944161 0.7074947924719
7.0099999999999 0.664032453036162 0.252790951692281 0.70167607101749
7.01999999999989 0.671020120139064 0.259466263047503 0.695857349563093
7.02999999999989 0.677949600027423 0.26621116013768 0.690038628108696
7.03999999999989 0.684820892701238 0.273025061090669 0.6842199066543
7.04999999999989 0.691633998160509 0.279907384034323 0.678401185199903
7.05999999999989 0.698388916405236 0.286857547096497 0.672582463745506
7.06999999999989 0.705085647435419 0.293874968405046 0.666763742291109
7.07999999999989 0.711724191251058 0.300959066087823 0.660945020836712
7.08999999999989 0.718304547852153 0.308109258272685 0.655126299382315
7.09999999999989 0.724826717238704 0.315324963087484 0.649307577927918
7.10999999999989 0.731290699410711 0.322605598660077 0.643488856473521
7.11999999999989 0.737696494368174 0.329950583118316 0.637670135019124
7.12999999999989 0.744044102111093 0.337359334590058 0.631851413564727
7.13999999999989 0.750333522639468 0.344831271203156 0.62603269211033
7.14999999999989 0.756564755953299 0.352365811085465 0.620213970655933
7.15999999999989 0.762737802052586 0.35996237236484 0.614395249201537
7.16999999999989 0.76885266093733 0.367620373169135 0.60857652774714
7.17999999999989 0.774909332607529 0.375339231626204 0.602757806292743
7.18999999999989 0.780907817063184 0.383118365863903 0.596939084838346
7.19999999999989 0.786848114304296 0.390957194010086 0.591120363383949
7.20999999999989 0.792730224330863 0.398855134192607 0.585301641929552
7.21999999999989 0.798554147142886 0.406811604539321 0.579482920475155
7.22999999999989 0.804319882740366 0.414826023178083 0.573664199020758
7.23999999999989 0.810027431123301 0.422897808236746 0.567845477566361
7.24999999999989 0.815676792291693 0.431026377843166 0.562026756111964
7.25999999999989 0.82126796624554 0.439211150125198 0.556208034657567
7.26999999999989 0.826800952984844 0.447451543210695 0.55038931320317
7.27999999999989 0.832275752509604 0.455746975227513 0.544570591748773
7.28999999999989 0.837692364819819 0.464096864303505 0.538751870294377
7.29999999999989 0.843050789915491 0.472500628566527 0.53293314883998
7.30999999999989 0.848351027796619 0.480957686144433 0.527114427385583
7.31999999999989 0.853593078463202 0.489467455165077 0.521295705931186
7.32999999999989 0.858776941915242 0.498029353756315 0.515476984476789
7.33999999999989 0.863902618152738 0.506642800046 0.509658263022392
7.34999999999989 0.86897010717569 0.515307212161987 0.503839541567995
7.35999999999989 0.873979408984098 0.524022008232131 0.498020820113598
7.36999999999989 0.878930523577961 0.532786606384287 0.492202098659201
7.37999999999989 0.883823450957281 0.541600424746308 0.486383377204804
7.38999999999989 0.888658191122057 0.55046288144605 0.480564655750407
7.39999999999989 0.893434744072289 0.559373394611367 0.47474593429601
7.40999999999989 0.898153109807977 0.568331382370114 0.468927212841613
7.41999999999989 0.902813288329121 0.577336262850145 0.463108491387217
7.42999999999989 0.907415279635721 0.586387454179314 0.45728976993282
7.43999999999989 0.911959083727778 0.595484374485477 0.451471048478423
7.44999999999989 0.91644470060529 0.604626441896488 0.445652327024026
7.45999999999989 0.920872130268258 0.6138130745402 0.439833605569629
7.46999999999989 0.925241372716682 0.623043690544471 0.434014884115232
7.47999999999989 0.929552427950562 0.632317708037152 0.428196162660835
7.48999999999988 0.933805295969899 0.641634545146099 0.422377441206438
7.49999999999988 0.937999976774691 0.650993619999168 0.416558719752041
7.50999999999988 0.942102795536201 0.660394238474782 0.404005032549932
7.51999999999988 0.946080077425689 0.669835257453651 0.391451345347744
7.52999999999988 0.949931822443156 0.679315421567055 0.378897658145557
7.53999999999988 0.9536580305886 0.688833475446274 0.36634397094337
7.54999999999988 0.957258701862023 0.698388163722587 0.353790283741183
7.55999999999988 0.960733836263424 0.707978231027274 0.341236596538995
7.56999999999988 0.964083433792803 0.717602421991615 0.328682909336808
7.57999999999988 0.96730749445016 0.727259481246889 0.316129222134621
7.58999999999988 0.970406018235495 0.736948153424377 0.303575534932434
7.59999999999988 0.973379005148808 0.746667183155359 0.291021847730246
7.60999999999988 0.9762264551901 0.756415315071113 0.278468160528059
7.61999999999988 0.978948368359369 0.76619129380292 0.265914473325872
7.62999999999988 0.981544744656617 0.77599386398206 0.253360786123685
7.63999999999988 0.984015584081843 0.785821770239812 0.240807098921497
7.64999999999988 0.986360886635047 0.795673757207456 0.22825341171931
7.65999999999988 0.988580652316229 0.805548569516273 0.215699724517123
7.66999999999988 0.990674881125389 0.815444951797541 0.203146037314936
7.67999999999988 0.992643573062528 0.82536164868254 0.190592350112748
7.68999999999988 0.994486728127644 0.835297404802551 0.178038662910561
7.69999999999988 0.996204346320739 0.845250964788852 0.165484975708374
7.70999999999988 0.997796427641812 0.855221073272725 0.152931288506187
7.71999999999988 0.999262972090863 0.865206474885448 0.140377601303999
7.72999999999988 1.00060397966789 0.875205914258302 0.127823914101812
7.73999999999988 1.0018194503729 0.885218136022565 0.115270226899625
7.74999999999988 1.00290938420588 0.895241884809519 0.102716539697438
7.75999999999988 1.00387378116685 0.905275905250443 0.0901628524952504
7.76999999999988 1.00471264125579 0.915318941976615 0.0776091652930631
7.77999999999988 1.00542596447271 0.925369739619318 0.0650554780908759
7.78999999999988 1.00601375081761 0.935427042809829 0.0525017908886886
7.79999999999988 1.00647600029048 0.945489596179429 0.0399481036865014
7.80999999999988 1.00681271289134 0.955556144359398 0.0273944164843141
7.81999999999988 1.00702388862017 0.965625431981016 0.0148407292821269
7.82999999999988 1.00710952747698 0.975696203675561 0.00228704207993963
7.83999999999988 1.00706962946177 0.985767204074315 -0.0102666451222476
7.84999999999988 1.00690419457453 0.995837177808556 -0.0228203323244349
7.85999999999988 1.00661322281528 1.00590486950956 -0.0353740195266221
7.86999999999988 1.006196714184 1.01596902380862 -0.0479277067288094
7.87999999999988 1.0056546686807 1.026028385337 -0.0604813939309967
7.88999999999988 1.00498708630538 1.03608169872599 -0.0730350811331839
7.89999999999988 1.00419396705804 1.04612770860687 -0.0855887683353711
7.90999999999988 1.00327531093867 1.05616515961091 -0.0981424555375584
7.91999999999988 1.00223111794729 1.0661927963694 -0.110696142739746
7.92999999999988 1.00106138808388 1.07620936351362 -0.123249829941933
7.93999999999988 0.999766121348449 1.08621360567484 -0.13580351714412
7.94999999999987 0.998345317740997 1.09620426748435 -0.148357204346307
7.95999999999987 0.996798977261523 1.10618009357342 -0.160910891548495
7.96999999999987 0.995127099910027 1.11613982857334 -0.173464578750682
7.97999999999987 0.99332968568651 1.12608221711538 -0.186018265952869
7.98999999999987 0.99140673459097 1.13600600383083 -0.198571953155056
7.99999999999987 0.989358246623409 1.14590993335096 -0.211125640357244
8.00999999999987 0.987212866894307 1.15579284579076 -0.217950305463011
8.01999999999987 0.984999240514149 1.16565396320001 -0.224774970568706
8.02999999999987 0.982717367482933 1.1754926031122 -0.231599635674401
8.03999999999987 0.980367247800661 1.18530808306083 -0.238424300780096
8.04999999999987 0.977948881467331 1.19509972057938 -0.245248965885792
8.05999999999987 0.975462268482945 1.20486683320134 -0.252073630991487
8.06999999999987 0.972907408847501 1.2146087384602 -0.258898296097182
8.07999999999987 0.970284302561001 1.22432475388945 -0.265722961202877
8.08999999999987 0.967592949623444 1.23401419702258 -0.272547626308572
8.09999999999987 0.96483335003483 1.24367638539308 -0.279372291414267
8.10999999999987 0.962005503795159 1.25331063653444 -0.286196956519962
8.11999999999987 0.959109410904431 1.26291626798015 -0.293021621625658
8.12999999999987 0.956145071362646 1.27249259726369 -0.299846286731353
8.13999999999987 0.953112485169804 1.28203894191857 -0.306670951837048
8.14999999999987 0.950011652325905 1.29155461947825 -0.313495616942743
8.15999999999987 0.946842572830949 1.30103894747625 -0.320320282048438
8.16999999999987 0.943605246684937 1.31049124344604 -0.327144947154133
8.17999999999987 0.940299673887867 1.31991082492111 -0.333969612259828
8.18999999999987 0.93692585443974 1.32929700943496 -0.340794277365523
8.19999999999987 0.933483788340556 1.33864911452107 -0.347618942471219
8.20999999999987 0.929973475590316 1.34796645771293 -0.354443607576914
8.21999999999987 0.926394916189018 1.35724835654403 -0.361268272682609
8.22999999999987 0.922748110136664 1.36649412854787 -0.368092937788304
8.23999999999987 0.919033057433252 1.37570309125793 -0.374917602893999
8.24999999999987 0.915249758078784 1.3848745622077 -0.381742267999694
8.25999999999987 0.911398212073259 1.39400785893067 -0.388566933105389
8.26999999999987 0.907478419416676 1.40310229896033 -0.395391598211084
8.27999999999987 0.903490380109037 1.41215719983017 -0.40221626331678
8.28999999999987 0.899434094150341 1.42117187907367 -0.409040928422475
8.29999999999987 0.895309561540588 1.43014565422433 -0.41586559352817
8.30999999999987 0.891116782279778 1.43907784281565 -0.422690258633865
8.31999999999987 0.886855756367911 1.44796776238109 -0.42951492373956
8.32999999999987 0.882526483804987 1.45681473045417 -0.436339588845255
8.33999999999987 0.878128964591006 1.46561806456836 -0.44316425395095
8.34999999999987 0.873663198725968 1.47437708225715 -0.449988919056646
8.35999999999987 0.869129186209873 1.48309110105404 -0.456813584162341
8.36999999999987 0.864526927042721 1.49175943849251 -0.463638249268036
8.37999999999987 0.859856421224512 1.50038141210606 -0.470462914373731
8.38999999999987 0.855117668755247 1.50895633942816 -0.477287579479426
8.39999999999987 0.850310669634924 1.51748353799232 -0.484112244585121
8.40999999999987 0.845435423863545 1.52596232533202 -0.490936909690816
8.41999999999986 0.840491931441108 1.53439201898076 -0.497761574796512
8.42999999999986 0.835480192367615 1.54277193647201 -0.504586239902207
8.43999999999986 0.830400206643064 1.55110139533927 -0.511410905007902
8.44999999999986 0.825251974267457 1.55937971311603 -0.518235570113597
8.45999999999986 0.820035495240792 1.56760620733578 -0.525060235219292
8.46999999999986 0.814750769563071 1.57578019553201 -0.531884900324987
8.47999999999986 0.809397797234293 1.58390099523821 -0.538709565430682
8.48999999999986 0.803976578254458 1.59196792398786 -0.545534230536377
8.49999999999986 0.798487112623566 1.59998029931446 -0.552358895642073
8.50999999999986 0.792919447995321 1.60793740557701 -0.561174030006897
8.51999999999986 0.787263632023428 1.61583839443655 -0.569989164371749
8.52999999999986 0.781519664707886 1.62368238437966 -0.578804298736601
8.53999999999986 0.775687546048696 1.6314684938929 -0.587619433101453
8.54999999999986 0.769767276045857 1.63919584146282 -0.596434567466304
8.55999999999986 0.76375885469937 1.646863545576 -0.605249701831156
8.56999999999986 0.757662282009235 1.654470724719 -0.614064836196008
8.57999999999986 0.75147755797545 1.66201649737838 -0.62287997056086
8.58999999999986 0.745204682598018 1.6694999820407 -0.631695104925712
8.59999999999986 0.738843655876936 1.67692029719252 -0.640510239290564
8.60999999999986 0.732394477812207 1.68427656132042 -0.649325373655415
8.61999999999986 0.725857148403828 1.69156789291096 -0.658140508020267
8.62999999999986 0.719231667651802 1.69879341045069 -0.666955642385119
8.63999999999986 0.712518035556126 1.70595223242618 -0.675770776749971
8.64999999999986 0.705716252116802 1.713043477324 -0.684585911114823
8.65999999999986 0.69882631733383 1.7200662636307 -0.693401045479674
8.66999999999986 0.691848231207209 1.72701970983286 -0.702216179844526
8.67999999999986 0.68478199373694 1.73390293441703 -0.711031314209378
8.68999999999986 0.677627604923022 1.74071505586979 -0.71984644857423
8.69999999999986 0.670385064765456 1.74745519267768 -0.728661582939082
8.70999999999986 0.663054373264241 1.75412246332728 -0.737476717303934
8.71999999999986 0.655635530419377 1.76071598630515 -0.746291851668785
8.72999999999986 0.648128536230865 1.76723488009786 -0.755106986033637
8.73999999999986 0.640533390698705 1.77367826319196 -0.763922120398489
8.74999999999986 0.632850093822896 1.78004525407402 -0.772737254763341
8.75999999999986 0.625078645603438 1.7863349712306 -0.781552389128193
8.76999999999986 0.617219046040332 1.79254653314828 -0.790367523493045
8.77999999999986 0.609271295133578 1.7986790583136 -0.799182657857896
8.78999999999986 0.601235392883175 1.80473166521314 -0.807997792222748
8.79999999999986 0.593111339289123 1.81070347233345 -0.8168129265876
8.80999999999986 0.584899134351423 1.81659359816111 -0.825628060952452
8.81999999999986 0.576598778070075 1.82240116118267 -0.834443195317304
8.82999999999986 0.568210270445077 1.82812527988469 -0.843258329682155
8.83999999999986 0.559733611476432 1.83376507275376 -0.852073464047007
8.84999999999986 0.551168801164138 1.83931965827641 -0.860888598411859
8.85999999999986 0.542515839508195 1.84478815493923 -0.869703732776711
8.86999999999986 0.533774726508604 1.85016968122876 -0.878518867141563
8.87999999999986 0.524945462165364 1.85546335563159 -0.887334001506415
8.88999999999985 0.516028046478476 1.86066829663426 -0.896149135871266
8.89999999999985 0.507022479447939 1.86578362272334 -0.904964270236118
8.90999999999985 0.497928761073754 1.8708084523854 -0.91377940460097
8.91999999999985 0.48874689135592 1.87574190410701 -0.922594538965822
8.92999999999985 0.479476870294438 1.88058309637471 -0.931409673330674
8.93999999999985 0.470118697889307 1.88533114767508 -0.940224807695525
8.94999999999985 0.460672374140528 1.88998517649468 -0.949039942060377
8.95999999999985 0.4511378990481 1.89454430132008 -0.957855076425229
8.96999999999985 0.441515272612024 1.89900764063783 -0.966670210790081
8.97999999999985 0.431804494832299 1.90337431293451 -0.975485345154933
8.98999999999985 0.422005565708925 1.90764343669667 -0.984300479519785
8.99999999999985 0.412118485241903 1.91181413041087 -0.993115613884636
