--------------------------------
1: QR decomposition
--------------------------------
Random tall matrix A:
         5         18         16 
        19          7         14 
        10         10          2 
        12         15          3 
         1          6          3 

Upper triangular matrix R:
      25.1       20.3       16.1 
         0         18       7.91 
         0          0       12.3 

Q.transpose()*Q:
         1   1.34e-16  -2.79e-16 
  1.34e-16          1  -3.95e-17 
 -2.79e-16  -3.95e-17          1 

Q*R:
         5         18         16 
        19          7         14 
        10         10          2 
        12         15          3 
         1          6          3 

--------------------------------
2: Linear equations
--------------------------------
Random square matrix A:
         5         18         16 
        19          7         14 
        10         10          2 
        12         15          3 
         1          6          3 
Random vector b:
        16          3          1         14          3 
A*x:
        16          3          1         14          3 
