0 0.5 0.5
0.1 0.524979186191813 0.52497918747894
0.234350288425444 0.558320895498561 0.558320900502675
0.414850288425444 0.602250330443699 0.602250314797544
0.657352559033371 0.658665947793415 0.658665427054215
0.983155059033371 0.727739851765102 0.727733800242128
1.38678526777824 0.800113770918129 0.800078533497974
1.74681414866432 0.85160782584884 0.851550522284169
2.09618454456457 0.890606418154789 0.89053178326355
2.44321940471879 0.920150181183601 0.920064182863771
2.80751366288322 0.943175906443129 0.943080500373826
3 0.952656548272027 0.952574126822433
