0 1
0.1 0.995004165278026
0.2 0.980066577841242
0.3 0.955336489125606
0.4 0.921060994002885
0.5 0.877582561890373
0.6 0.825335614909678
0.7 0.764842187284489
0.8 0.696706709347166
0.9 0.621609968270665
1 0.54030230586814
1.1 0.453596121425577
1.2 0.362357754476674
1.3 0.267498828624587
1.4 0.169967142900241
1.5 0.0707372016677027
1.6 -0.029199522301289
1.7 -0.128844494295525
1.8 -0.227202094693088
1.9 -0.323289566863504
2 -0.416146836547143
2.1 -0.504846104599858
2.2 -0.588501117255346
2.3 -0.666276021279825
2.4 -0.737393715541246
2.5 -0.801143615546934
2.6 -0.856888753368948
2.7 -0.904072142017062
2.8 -0.942222340668659
2.9 -0.970958165149591
3 -0.989992496600446
3.1 -0.999135150273279
3.2 -0.998294775794753
3.3 -0.987479769908865
3.4 -0.966798192579461
3.5 -0.936456687290796
3.6 -0.896758416334146
3.7 -0.848100031710407
3.8 -0.790967711914416
3.9 -0.725932304200139
4 -0.653643620863611
4.1 -0.574823946533268
4.2 -0.490260821340699
4.3 -0.400799172079975
4.4 -0.307332869978419
4.5 -0.21079579943078
4.6 -0.112152526935055
4.7 -0.0123886634628914
4.8 0.0874989834394455
4.9 0.186512369422574
5 0.283662185463225
5.1 0.377977742712979
5.2 0.468516671300375
5.3 0.554374336179159
5.4 0.634692875942632
5.5 0.708669774291258
5.6 0.775565878510247
5.7 0.834712784839157
5.8 0.885519516941317
5.9 0.927478430744034
5.99999999999999 0.960170286650365
6.09999999999999 0.983268438442584
6.19999999999999 0.996542097023217
