0 0
0.1 0.00499583472197418
0.2 0.0199334221587584
0.3 0.044663510874394
0.4 0.0789390059971149
0.5 0.122417438109627
0.6 0.174664385090322
0.7 0.235157812715512
0.8 0.303293290652835
0.9 0.378390031729336
1 0.45969769413186
1.1 0.546403878574423
1.2 0.637642245523326
1.3 0.732501171375413
1.4 0.830032857099759
1.5 0.929262798332297
1.6 1.02919952230129
1.7 1.12884449429553
1.8 1.22720209469309
1.9 1.3232895668635
2 1.41614683654714
2.1 1.50484610459986
2.2 1.58850111725535
2.3 1.66627602127982
2.4 1.73739371554125
2.5 1.80114361554693
2.6 1.85688875336895
2.7 1.90407214201706
2.8 1.94222234066866
2.9 1.97095816514959
3 1.98999249660045
3.1 1.99913515027328
3.2 1.99829477579475
3.3 1.98747976990886
3.4 1.96679819257946
3.5 1.9364566872908
3.6 1.89675841633415
3.7 1.84810003171041
3.8 1.79096771191442
3.9 1.72593230420014
4 1.65364362086361
4.1 1.57482394653327
4.2 1.4902608213407
4.3 1.40079917207997
4.4 1.30733286997842
4.5 1.21079579943078
4.6 1.11215252693506
4.7 1.01238866346289
4.8 0.912501016560554
4.9 0.813487630577426
5 0.716337814536775
5.1 0.622022257287021
5.2 0.531483328699625
5.3 0.445625663820841
5.4 0.365307124057368
5.5 0.291330225708742
5.6 0.224434121489753
5.7 0.165287215160843
5.8 0.114480483058683
5.9 0.0725215692559661
5.99999999999999 0.0398297133496355
6.09999999999999 0.0167315615574164
6.19999999999999 0.00345790297678306
