--------------------------------
1: QR decomposition
--------------------------------
Random tall matrix A:
        16         11          8 
        16         17         12 
         9         15          6 
         0         11         15 
        19          3         12 

Upper triangular matrix R:
      30.9       20.7       19.5 
         0       18.3       9.78 
         0          0       11.7 

Q.transpose()*Q:
         1          0   2.78e-16 
         0          1   2.22e-16 
  2.78e-16   2.22e-16          1 

Q*R:
        16         11          8 
        16         17         12 
         9         15          6 
         0         11         15 
        19          3         12 

--------------------------------
2: Linear equations
--------------------------------
Random square matrix A:
        16         11          8 
        16         17         12 
         9         15          6 
         0         11         15 
        19          3         12 
Random vector b:
        16          8          4         16          1 
A*x:
        16          8          4         16          1 
