0.05, 19.4700851041403
0.1, 9.51350760020597
0.15, 6.22027281140401
0.2, 4.59084366700099
0.25, 3.62560987363124
0.3, 2.99156895990206
0.35, 2.54614695418689
0.4, 2.21815952422413
0.45, 1.96813638372248
0.5, 1.77245383609822
0.55, 1.6161242555807
0.6, 1.48919223700414
0.65, 1.38479509132615
0.7, 1.29805532287234
0.75, 1.22541669347033
0.8, 1.16422970539458
0.85, 1.11248372918729
0.9, 1.0686286948498
0.95, 1.03145331028633
1, 0.999999989064902
1.05, 0.973504255207014
1.1, 0.951350760020598
1.15, 0.9330409217106
1.2, 0.918168733400197
1.25, 0.906402468407808
1.3, 0.897470687970617
1.35, 0.891151433965416
1.4, 0.887263809689649
1.45, 0.885661372675117
1.5, 0.886226918049108
1.55, 0.888868340569383
1.6, 0.893515342202488
1.65, 0.900116809361998
1.7, 0.90863872601064
1.75, 0.919062520102743
1.8, 0.931383764315667
1.85, 0.9456111698092
1.9, 0.961765825364826
1.95, 0.979880644772009
2, 0.999999989064901
2.05, 1.02217946796736
2.1, 1.04648583602266
2.15, 1.07299705996719
2.2, 1.10180248008024
2.25, 1.13300308550976
2.3, 1.1667118943618
2.35, 1.20305443585331
2.4, 1.2421693335655
2.45, 1.28420899037892
2.5, 1.32934037707367
2.55, 1.37774592788254
2.6, 1.42962454752397
2.65, 1.48519273544729
2.7, 1.54468583421809
2.75, 1.6083594101798
2.8, 1.67649077576819
2.85, 1.74938066414702
2.9, 1.82735506819317
2.95, 1.91076725730541
3, 1.99999998705915
3.05, 2.09546790933308
3.1, 2.19762025564758
3.15, 2.30694367892945
3.2, 2.42396545617651
3.25, 2.54925694239695
3.3, 2.68343735703213
3.35, 2.82717792425526
3.4, 2.9812064005572
3.45, 3.14631202642834
3.5, 3.32335094268417
3.55, 3.51325211610046
3.6, 3.71702382356232
3.65, 3.9357607489353
3.69999999999999, 4.17065175238882
3.74999999999999, 4.42298837799442
3.79999999999999, 4.69417417215091
3.84999999999999, 4.98573489281896
3.89999999999999, 5.29932969776014
3.94999999999999, 5.63676340905095
3.99999999999999, 5.99999996117744
4.04999999999999, 6.39117712346588
4.09999999999999, 6.81262279250746
4.14999999999999, 7.26687258862774
4.19999999999999, 7.75668945976481
4.24999999999999, 8.28508506279003
4.29999999999999, 8.85534327820599
4.34999999999999, 9.47104604625504
4.39999999999999, 10.1361017618944
4.44999999999999, 10.8547764911777
4.49999999999999, 11.6317282993945
4.54999999999999, 12.4720450121565
4.59999999999999, 13.3812857648242
4.64999999999999, 14.3655267336138
4.69999999999999, 15.4314114838385
4.74999999999999, 16.586206417479
4.79999999999999, 17.8378618541734
4.84999999999999, 19.1950793373529
4.89999999999999, 20.6673858212644
4.94999999999999, 22.265215465751
4.99999999999999, 23.9999998447095
5.04999999999999, 25.8842673500366
5.09999999999999, 27.9317534492803
5.14999999999999, 30.1575212428049
5.19999999999999, 32.578095731012
5.24999999999999, 35.2116115168574
5.29999999999999, 38.0779760962855
5.34999999999999, 41.1990503012093
5.39999999999999, 44.5988477523352
5.44999999999999, 48.3037553857404
5.49999999999999, 52.3427773472749
5.54999999999999, 56.7478048053121
5.59999999999999, 61.553914518191
5.64999999999999, 66.7996993113035
5.69999999999999, 72.5276339740406
5.74999999999999, 78.7844804830246
5.79999999999999, 85.6217369000312
5.84999999999999, 93.0961347861606
5.89999999999999, 101.270190524195
5.94999999999999, 110.212816555467
5.99999999999999, 119.999999223547
6.04999999999999, 130.715550117684
6.09999999999999, 142.451942591329
6.14999999999999, 155.311234400444
6.19999999999999, 169.40609780126
6.24999999999999, 184.8609604635
6.29999999999999, 201.813273310311
6.34999999999999, 220.414919111467
6.39999999999999, 240.833777862607
6.44999999999999, 263.255466852282
6.49999999999998, 287.88527541001
6.54999999999998, 314.950316669479
6.59999999999998, 344.701921301866
6.64999999999998, 377.418301108862
6.69999999999998, 413.407513652028
6.74999999999998, 453.010762777388
6.79999999999998, 496.606074020177
6.84999999999998, 544.612388499037
6.89999999999998, 597.494124092747
6.94999999999998, 655.76625850502
6.99999999999998, 719.999995341275
7.04999999999998, 790.829078211979
7.09999999999998, 868.9568498071
7.14999999999998, 955.164091562721
7.19999999999998, 1050.31780636781
7.24999999999998, 1155.38100289686
7.29999999999998, 1271.42362185495
7.34999999999998, 1399.63473635781
7.39999999999998, 1541.33617832067
7.44999999999998, 1697.99776119721
7.49999999999998, 1871.25429016504
7.54999999999998, 2062.92457418507
7.59999999999998, 2275.0326805923
7.64999999999998, 2509.83170237391
7.69999999999998, 2769.83034146856
7.74999999999998, 3057.82264874733
7.79999999999998, 3376.92130333717
7.84999999999998, 3730.59486121836
7.89999999999998, 4122.7094562399
7.94999999999998, 4557.57549660985
7.99999999999998, 5039.99996738888
8.04999999999998, 5575.3450013944
8.09999999999998, 6169.59363363033
8.14999999999998, 6829.4232546734
8.19999999999998, 7562.28820584819
8.24999999999998, 8376.51227100225
8.29999999999998, 9281.39243954111
8.34999999999998, 10287.3153122299
8.39999999999998, 11405.887719573
8.44999999999999, 12650.0833209192
8.49999999999999, 14034.4071762379
8.54999999999999, 15575.0805350973
8.59999999999999, 17290.2483725017
8.64999999999999, 19200.2125231606
8.69999999999999, 21327.6936293082
8.74999999999999, 23698.1255277922
8.79999999999999, 26339.9861660305
8.84999999999999, 29285.1696605647
8.89999999999999, 32569.4047042959
8.94999999999999, 36232.7251980493
8.99999999999999, 40319.9997391122
9.04999999999999, 44881.5272612262
9.09999999999999, 49973.7084324071
9.15, 55659.7995255899
9.2, 62010.7632879567
9.25, 69106.2262357704
9.3, 77035.5572481934
9.35, 85899.0828571223
9.4, 95809.4568444164
9.45, 106893.204061771
9.5, 119292.460998025
9.55, 133166.938575087
9.6, 148696.136003519
9.65, 166081.838325344
9.7, 185550.934574987
9.75, 207358.598368188
9.8, 231791.878261074
9.85000000000001, 259173.751496006
9.90000000000001, 289867.701868243
9.95000000000001, 324282.89052255
