0 142.404080608249 146.717090424418 138.217859386515
0.25 136.431655491932 140.688074662164 132.304011302779
0.5 130.70971380009 134.906808026862 126.643195636943
0.75 125.227750261462 129.36310981368 121.224586036419
1 119.975700195713 124.047217671431 116.037819369541
1.25 114.943921035059 118.949770411256 111.072975906003
1.5 110.123174620873 114.061791521739 106.320560345292
1.75 105.504610242766 109.374673361434 101.771483656863
2 101.07974838902 104.880162000966 97.4170456972936
2.25 96.8404651785177 100.570342688012 93.2489185711956
2.5 92.7789774455986 96.43762590957 89.2591307040532
2.75 88.8878284504607 92.47473402696 85.4400515965266
3 85.159874188863 88.6746884600399 81.7843772310639
3.25 81.5882702760007 85.0307973980514 78.285116102913
3.5 78.1664593804705 81.5366440154643 74.935575848816
3.75 74.8881591852549 78.1860751720636 71.7293504478141
4 71.7473508536229 74.9731905773821 68.660307969684
4.25 68.7382679787704 71.8923324003975 65.7225788475757
4.5 65.8553859969125 68.9380753061946 62.9105446524214
4.75 63.0934120443912 66.1052169020499 60.2188273476474
5 60.4472752401749 63.3887685761138 57.642279003639
5.25 57.9121173759103 60.7839467125552 55.1759719522864
5.5 55.4832839964337 58.2861642677027 52.8151893627817
5.75 53.1563158543644 55.8910226923434 50.5554162206452
6 50.9269407230937 53.5943041859593 48.3923306927261
6.25 48.791065553136 51.3919642692567 46.3217958616635
6.5 46.7447689574432 49.2801246619131 44.3398518140014
6.75 44.7842940118838 47.2550664529954 42.4427080668241
7 42.9060413576715 45.3132235520267 40.6267363184291
7.25 41.1065625930759 43.4511764091656 38.8884635091728
7.5 39.3825539422864 41.6656459934417 37.224565179218
7.75 37.7308501898027 39.953488018442 35.631859110479
8 36.1484188692179 38.3116874052798 34.1072992406058
8.25 34.6323546957228 36.7373529730962 32.647969837367
8.5 33.1798742321119 35.2277123477434 31.2510799222899
8.75 31.7883107784967 33.7801070796844 29.9139579328927
9 30.4551094763439 32.3919879625122 28.634046613302
9.25 29.1778226178508 31.0609105438436 27.4088981234811
9.5 27.9541051520452 29.7845308206834 26.2361693577173
9.75 26.7817103793593 28.5606011116784 25.1136174634152
10 25.6584858267734 27.3869660989909 24.039095551624
10.25 24.5823692959552 26.2615590328238 23.0105485910958
10.5 23.5513850771417 25.1823980919121 22.0260094780234
10.75 22.563640321809 24.1475828935717 21.0835952739393
11 21.6173215674733 23.1552911471602 20.1815036045814
11.25 20.7106914082417 22.2037754450565 19.3180092128393
11.5 19.8420853049998 21.2913601855081 18.4914606591862
11.75 19.0099085293799 20.4164386219268 17.7002771632894
12 18.2126332358994 19.5774700334372 16.9429455807549
12.25 17.4487956568935 18.7729770116959 16.2180175092284
12.5 16.7169934150926 18.0015428592019 15.5241065183141
12.75 16.0158829489096 17.2618090945188 14.8598854980167
13 15.3441770457114 16.5524730600132 14.2240841206329
13.25 14.7006424785446 15.8722856278987 13.6154864112409
13.5 14.0840977419763 15.2200490005449 13.0329284221385
13.75 13.493410882895 14.5946146011773 12.4752960067847
14 12.9274974222865 13.994881051255 11.9415226889861
14.25 12.3853183641709 13.4197922309628 11.4305876232529
14.5 11.8658782880452 12.868335419404 10.9415136424245
14.75 11.368223521328 12.3395395112169 10.4733653888296
15 10.8914403884522 11.8324733064764 10.025247525408
15.25 10.4346535333914 11.3462438708679 9.59630302337138
15.5 9.99702431253831 10.8799949632461 9.18571152312962
15.75 9.57774925498648 10.4329055278102 8.79268776534662
16 9.17605858738804 10.0041882482396 8.41648008912605
16.25 8.79121482067831 9.59308816124427 8.05636899445419
16.5 8.4225113960735 9.19888132708801 7.71166576615075
16.75 8.0692713878552 8.82087355474412 7.38171115669591
17 7.73084626055997 8.4583991794375 7.06587412541443
17.25 7.40661467829251 8.1108198904212 6.76355063160566
17.5 7.09598136397612 7.77752360692287 6.47416247931111
17.75 6.79837600644626 7.4579234002817 6.19715621151035
18 6.51325221338048 7.15145646037779 5.93200205163029
18.25 6.24008650814261 6.85758310453382 5.67819289034347
18.5 5.97837736869914 6.57578582714373 5.43524331571768
18.75 5.72764430684352 6.30556838835479 5.20268868486199
19 5.48742698603774 6.04645494019831 4.98008423529368
19.25 5.25728437625166 5.79798918863006 4.76700423432669
19.5 5.03679394424835 5.55973359000481 4.56304116485461
19.75 4.8255508778288 5.33126858056996 4.36780494597119
