0 0 0
0.01 0.00999625976922901 4.99817067583071E-05
0.02 0.0199915405492692 0.000199921932087284
0.03 0.0299848633509317 0.000449805991149099
0.04 0.0399752491850278 0.000799609409214031
0.05 0.0499617190623686 0.00124929792166047
0.06 0.0599432939937652 0.00179882747397492
0.07 0.069918994990029 0.002448144221752
0.08 0.0798878430619709 0.00319718453069443
0.09 0.0898488592204023 0.00404587497661305
0.1 0.0998010644761342 0.00499413234542681
0.11 0.109743479839978 0.00604186363316277
0.12 0.119675126322745 0.00718896604595611
0.13 0.129595024935245 0.00843532700005011
0.14 0.139502196688291 0.00978082412179617
0.15 0.149395662592694 0.0112253252476538
0.16 0.159274443659264 0.0127686884241906
0.17 0.169137560898813 0.0144107619080823
0.18 0.178984035322152 0.0161513841661128
0.19 0.188812887940093 0.0179903838751741
0.2 0.198623139763445 0.0199275799222661
0.21 0.208413811803021 0.0219627814044971
0.22 0.218183925069632 0.0240957876290833
0.23 0.227932500574089 0.0263263881133492
0.24 0.237658559327202 0.0286543625847273
0.25 0.247361122339784 0.0310794809807581
0.26 0.257039210622646 0.0336015034490905
0.27 0.266691845186598 0.0362201803474813
0.28 0.276318047042452 0.0389352522437955
0.29 0.285916837201018 0.0417464499160061
0.3 0.295487236673109 0.0446534943521943
0.31 0.305028266469535 0.0476560967505494
0.32 0.314538947601108 0.0507539585193688
0.33 0.324018301078638 0.0539467712770581
0.34 0.333465347912937 0.0572342168521308
0.35 0.342879109114816 0.0606159672832088
0.36 0.352258605695087 0.0640916848190218
0.37 0.361602858664559 0.0676610219184079
0.38 0.370910889034045 0.071323621250313
0.39 0.380181717814356 0.0750791156937915
0.4 0.389414366016303 0.0789271283380056
0.41 0.398607854650697 0.0828672724822257
0.42 0.407761204728349 0.0868991516358304
0.43 0.41687343726007 0.0910223595183063
0.44 0.425943573256672 0.0952364800592481
0.45 0.434970633728966 0.0995410873983587
0.46 0.443953639687763 0.103935745885449
0.47 0.452891612143874 0.108420010080438
0.48 0.46178357210811 0.112993424753354
0.49 0.470628540591283 0.11765552488433
0.5 0.479425538604203 0.122405835663612
0.51 0.488173627106132 0.127243872591421
0.52 0.496872026850129 0.132169142576541
0.53 0.505519998537702 0.137181145034902
0.54 0.51411680287036 0.142279371989446
0.55 0.522661700549613 0.147463308070131
0.56 0.53115395227697 0.152732430513932
0.57 0.539592818753938 0.158086209164836
0.58 0.547977560682028 0.163524106473847
0.59 0.556307438762747 0.169045577498985
0.6 0.564581713697606 0.174650069905283
0.61 0.572799646188112 0.180337023964789
0.62 0.580960496935775 0.186105872556569
0.63 0.589063526642103 0.191956041166701
0.64 0.597107996008606 0.197886947888278
0.65 0.605093165736792 0.203898003421412
0.66 0.61301829652817 0.209988611073225
0.67 0.62088264908425 0.216158166757857
0.68 0.628685484106539 0.222406058996464
0.69 0.636426062296548 0.228731668917214
0.7 0.644103644355784 0.235134370255292
0.71 0.651717490985757 0.241613529352899
0.72 0.659266862887975 0.248168505159248
0.73 0.666751020763948 0.254798649230571
0.74 0.674169225315184 0.261503305730111
0.75 0.681520737243193 0.26828181142813
0.76 0.688804817249482 0.275133495701903
0.77 0.696020726035562 0.282057680535719
0.78 0.70316772430294 0.289053680520885
0.79 0.710245072753127 0.296120802855721
0.8 0.71725203208763 0.303258347345562
0.810000000000001 0.724187863007959 0.31046560640276
0.820000000000001 0.731051826215622 0.317741865046679
0.830000000000001 0.737843182412129 0.325086400903701
0.840000000000001 0.744561192298988 0.332498484207223
0.850000000000001 0.751205116577708 0.339977377797654
0.860000000000001 0.757774215949798 0.347522337122422
0.870000000000001 0.764267751116767 0.355132610235966
0.880000000000001 0.770684982780124 0.362807437799745
0.890000000000001 0.777025171641378 0.370546053082228
0.900000000000001 0.783287578402037 0.378347681958904
0.910000000000001 0.789471463763611 0.386211542912272
0.920000000000001 0.795576088427608 0.394136847031851
0.930000000000001 0.801600713095538 0.402122798014171
0.940000000000001 0.807544598468909 0.41016859216278
0.950000000000001 0.81340700524923 0.418273418388239
0.960000000000001 0.81918719413801 0.426436458208126
0.970000000000001 0.824884425836757 0.434656885747032
0.980000000000001 0.830497961046982 0.442933867736566
0.990000000000001 0.836027060470192 0.451266563515349
1 0.841470984807897 0.459654125029018
1.01 0.84682906487773 0.468095697005517
1.02 0.852100911961824 0.476590418883287
1.03 0.857286207458434 0.485137426739462
1.04 0.862384632765819 0.493735853465158
1.05 0.867395869282235 0.502384828765475
1.06 0.872319598405939 0.511083479159494
1.07 0.877155501535188 0.519830927980279
1.08 0.881903260068239 0.528626295374877
1.09 0.886562555403349 0.537468698304317
1.1 0.891133068938774 0.546357250543612
1.11 0.895614482072772 0.555291062681755
1.12 0.9000064762036 0.564269242121723
1.13 0.904308732729514 0.573290893080477
1.14 0.908520933048771 0.582355116588958
1.15 0.912642758559628 0.591461010492091
1.16 0.916673890660343 0.600607669448783
1.17 0.920614010749172 0.609794184931925
1.18 0.924462800224372 0.619019645228388
1.19 0.9282199404842 0.628283135439028
1.2 0.931885112926913 0.637583737478682
1.21 0.935457998950767 0.64692053007617
1.22 0.93893827995402 0.656292588774295
1.23 0.942325637334929 0.665698985929843
1.24 0.94561975249175 0.67513879071358
1.25 0.948820306822741 0.684611069110258
1.26 0.951926981726158 0.69411488391861
1.27 0.954939458600258 0.70364929475135
1.28 0.957857418843299 0.713213358035178
1.29 0.960680543853537 0.722806127010774
1.3 0.963408515029228 0.7324266517328
1.31 0.966041013768631 0.742073979069904
1.32 0.968577721470001 0.751747152704713
1.33 0.971018319531596 0.761445213133838
1.34 0.973362489351673 0.771167197667873
1.35 0.975609912328489 0.780912140431394
1.36 0.9777602698603 0.790679072362959
1.37 0.979813243345363 0.800467021215111
1.38 0.981768514181936 0.810275011554372
1.39 0.983625763768275 0.820102064761249
1.4 0.985384673502637 0.829947199030231
1.41 0.987044924783279 0.839809429369789
1.42 0.988606199008458 0.849687767602378
1.43 0.990068177576431 0.859581222364434
1.44 0.991430541885456 0.869488799106377
1.45 0.992692973333787 0.879409500092608
1.46 0.993855153319684 0.889342324401511
1.47 0.994916763241402 0.899286267925454
1.48 0.995877484497198 0.909240323370786
1.49 0.99673699848533 0.919203480257839
1.5 0.997494986604054 0.929174724920928
1.51 0.998151213368558 0.939153040716142
1.52 0.998705775761751 0.949137410307062
1.53 0.999158853883471 0.959126817950472
1.54 0.999510627833559 0.969120249704159
1.55 0.999761277711854 0.979116693426904
1.56 0.999910983618196 0.98911513877849
1.57 0.999959925652423 0.999114577219694
1.58 0.999908283914376 1.0091140020123
1.59 0.999756238503893 1.01911240821907
1.6 0.999503969520814 1.0291087927038
1.61 0.999151657064979 1.03910215413125
1.62 0.998699481236227 1.04909149296719
1.63 0.998147622134397 1.0590758114784
1.64 0.997496259859329 1.06905411373263
1.65 0.996745574510863 1.07902540559867
1.66 0.995895746188837 1.08898869474627
1.67 0.994946954993091 1.0989429906462
1.68 0.993899381023464 1.10888730457022
1.69 0.992753204379797 1.11882064959109
1.7 0.991508605161928 1.12874204058257
1.71 0.990165763469697 1.13865049421941
1.72 0.988724859402943 1.14854502897738
1.73 0.987186073061506 1.15842466513322
1.74 0.985549584545225 1.1682884247647
1.75 0.983815573953939 1.17813533175055
1.76 0.981984221387489 1.18796441177052
1.77 0.980055706945712 1.19777469230538
1.78 0.97803021072845 1.20756520263685
1.79 0.975907912835541 1.21733497384769
1.8 0.973688993366824 1.22708303882164
1.81 0.97137363242214 1.23680843224344
1.82 0.968962010101327 1.24651019059883
1.83 0.966454306504225 1.25618735217455
1.84 0.963850701730674 1.26583895705833
1.85 0.961151375880513 1.27546404713891
1.86 0.95835650905358 1.28506166610602
1.87 0.955466281349717 1.29463085945039
1.88 0.952480872868761 1.30417067446376
1.89 0.949400463710553 1.31368016023884
1.9 0.946225233974932 1.32315836766938
1.91 0.942955363761738 1.33260434945008
1.92 0.939591033170809 1.34201716007668
1.93 0.936132422301986 1.3513958558459
1.94 0.932579711255107 1.36073949485546
1.95 0.928933080130012 1.37004713700408
1.96 0.925192709026541 1.37931784399147
1.97 0.921358778044533 1.38855067931835
1.98 0.917431467283828 1.39774470828643
1.99 0.913410956844264 1.40689899799843
2 0.909297426825681 1.41601261735805
2.01 0.90509113309572 1.42508463725943
2.02 0.900792634593218 1.43411413267072
2.03 0.896402566024817 1.44310018471774
2.04 0.891921562097156 1.45204188087336
2.05 0.887350257516873 1.46093831495751
2.06 0.88268928699061 1.46978858713721
2.07 0.877939285225006 1.47859180392652
2.08 0.8731008869267 1.4873470781866
2.09 0.868174726802331 1.49605352912564
2.1 0.863161439558541 1.50471028229891
2.11 0.858061659901968 1.51331646960876
2.12 0.852876022539252 1.5218712293046
2.13 0.847605162177032 1.53037370598288
2.14 0.842249713521949 1.53882305058716
2.15 0.836810311280642 1.54721842040804
2.16 0.831287590159751 1.55555897908318
2.17 0.825682184865915 1.56384389659732
2.18 0.819994730105774 1.57207234928227
2.19 0.814225860585967 1.5802435198169
2.2 0.808376211013135 1.58835659722715
2.21 0.802446416093917 1.59641077688601
2.22 0.796437110534952 1.60440526051356
2.23 0.790348929042881 1.61233925617693
2.24 0.784182506324343 1.62021197829033
2.25 0.777938477085978 1.62802264761502
2.26 0.771617476034424 1.63577049125934
2.27 0.765220137876323 1.64345474267869
2.28 0.758747097318313 1.65107464167553
2.29 0.752198989067035 1.65862943439941
2.29999999999999 0.745576447829128 1.66611837334692
2.30999999999999 0.738880108311231 1.67354071736172
2.31999999999999 0.732110605219984 1.68089573163456
2.32999999999999 0.725268573262028 1.68818268770323
2.33999999999999 0.718354647144001 1.6954008634526
2.34999999999999 0.711369461572543 1.7025495431146
2.35999999999999 0.704313651254295 1.70962801726823
2.36999999999999 0.697187850895895 1.71663558283955
2.37999999999999 0.689992695203983 1.7235715431017
2.38999999999999 0.682728818885199 1.73043520767488
2.39999999999999 0.675396856646183 1.73722589252634
2.40999999999999 0.667997443193574 1.74394291997042
2.41999999999999 0.660531213234012 1.75058561866852
2.42999999999999 0.652998801474136 1.7571533236291
2.43999999999999 0.645400842620587 1.76364537620769
2.44999999999999 0.637737971380004 1.77006112410689
2.45999999999999 0.630010822459026 1.77639992137636
2.46999999999999 0.622220030564294 1.78266112841282
2.47999999999999 0.614366230402446 1.78884411196008
2.48999999999999 0.606450056680123 1.794948245109
2.49999999999999 0.598472144103964 1.80097290729751
2.50999999999999 0.590433177248727 1.80691748443526
2.51999999999999 0.582334040161637 1.81278137027504
2.52999999999999 0.574175666758039 1.81856396778411
2.53999999999999 0.565958990953275 1.82426468926887
2.54999999999999 0.557684946662691 1.82988295637489
2.55999999999999 0.549354467801629 1.83541820008688
2.56999999999999 0.540968488285433 1.84086986072873
2.57999999999999 0.532527942029447 1.84623738796346
2.58999999999999 0.524033762949014 1.85152024079324
2.59999999999999 0.51548688495948 1.85671788755941
2.60999999999999 0.506888241976186 1.86182980594245
2.61999999999999 0.498238767914477 1.86685548296201
2.62999999999999 0.489539396689697 1.87179441497686
2.63999999999999 0.480791062217189 1.87664610768497
2.64999999999999 0.471994698412297 1.88141007612343
2.65999999999999 0.463151239190365 1.8860858446685
2.66999999999999 0.454261618466736 1.89067294703557
2.67999999999999 0.445326770156754 1.89517092627921
2.68999999999999 0.436347628175764 1.89957933479313
2.69999999999999 0.427325126439107 1.9038977343102
2.70999999999999 0.41826019886213 1.90812569590245
2.71999999999999 0.409153779360174 1.91226279998103
2.72999999999999 0.400006801848584 1.91630863629628
2.73999999999999 0.390820200242704 1.92026280393769
2.74999999999999 0.381594908457877 1.92412491133388
2.75999999999999 0.372331860409446 1.92789457625263
2.76999999999998 0.363031990012757 1.9315714258009
2.77999999999998 0.353696231183152 1.93515509642478
2.78999999999998 0.344325517835975 1.93864523390951
2.79999999999998 0.33492078388657 1.94204149337949
2.80999999999998 0.32548296325028 1.94534353929828
2.81999999999998 0.31601298984245 1.94855104546859
2.82999999999998 0.306511797578423 1.95166369503228
2.83999999999998 0.296980320373542 1.95468118047036
2.84999999999998 0.287419492143152 1.957603203603
2.85999999999998 0.277830246802596 1.96042947558952
2.86999999999998 0.268213518267218 1.9631597169284
2.87999999999998 0.258570240452362 1.96579365745726
2.88999999999998 0.248901347273371 1.9683310363529
2.89999999999998 0.239207772645589 1.97077160213124
2.90999999999998 0.22949045048436 1.97311511264737
2.91999999999998 0.219750314705027 1.97536133509553
2.92999999999998 0.209988299222935 1.97751004600912
2.93999999999998 0.200205337953426 1.9795610312607
2.94999999999998 0.190402364811845 1.98151408606195
2.95999999999998 0.180580313713536 1.98336901496374
2.96999999999998 0.170740118573842 1.98512563185608
2.97999999999998 0.160882713308106 1.98678375996813
2.98999999999998 0.151009031831673 1.98834323186821
2.99999999999998 0.141120008059887 1.98980388946378
3.00999999999998 0.131216587666893 1.99116558403087
3.01999999999998 0.121299763362048 1.99242817653741
3.02999999999998 0.111370539613511 1.99359153796663
3.03999999999998 0.101429920889441 1.99465554934643
3.04999999999998 0.091478911657998 1.9956201017494
3.05999999999998 0.0815185163873399 1.9964850962928
3.06999999999998 0.0715497395456263 1.99725044413857
3.07999999999998 0.061573585601016 1.99791606649337
3.08999999999998 0.0515910590216683 1.99848189460848
3.09999999999998 0.0416031642757421 1.99894786977991
3.10999999999998 0.0316109058313966 1.99931394334833
3.11999999999998 0.0216152881567907 1.9995800766991
3.12999999999998 0.0116173157200836 1.99974624126226
3.13999999999998 0.00161799298943434 1.99981241851253
3.14999999999998 -0.00838167556699806 1.9997785999693
3.15999999999998 -0.0183806854810545 1.99964478719666
3.16999999999998 -0.028378032284576 1.99941099180338
3.17999999999998 -0.0383727115094034 1.9990772354429
3.18999999999998 -0.0483637186873777 1.99864354981335
3.19999999999998 -0.0583500493503398 1.99810997665753
3.20999999999998 -0.0683306990301307 1.99747656776295
3.21999999999998 -0.0783046632585913 1.99674338496177
3.22999999999998 -0.0882709375675625 1.99591050013084
3.23999999999997 -0.0982285174888852 1.99497799519171
3.24999999999997 -0.1081763985544 1.99394596211059
3.25999999999997 -0.118113576295949 1.99281450289837
3.26999999999997 -0.128039046245372 1.99158372961064
3.27999999999997 -0.137951803934511 1.99025376434766
3.28999999999997 -0.147850844895205 1.98882473925438
3.29999999999997 -0.157735164659297 1.98729679652041
3.30999999999997 -0.167603758758627 1.98567008838007
3.31999999999997 -0.177455622725036 1.98394477711235
3.32999999999997 -0.187289752090366 1.98212103504091
3.33999999999997 -0.197105142386456 1.98019904453411
3.34999999999997 -0.206900789145148 1.97817899800497
3.35999999999997 -0.216675687898282 1.97606109791122
3.36999999999997 -0.226428834177701 1.97384555675525
3.37999999999997 -0.236159223515244 1.97153259708414
3.38999999999997 -0.245865851442753 1.96912245148965
3.39999999999997 -0.255547713492068 1.96661536260821
3.40999999999997 -0.265203805195031 1.96401158312096
3.41999999999997 -0.274833122083483 1.9613113757537
3.42999999999997 -0.284434659689264 1.9585150132769
3.43999999999997 -0.294007413544215 1.95562277850575
3.44999999999997 -0.303550379180177 1.95263496430008
3.45999999999997 -0.313062552128992 1.94955187356443
3.46999999999997 -0.3225429279225 1.94637381924802
3.47999999999997 -0.331990502092541 1.94310112434473
3.48999999999997 -0.341404270170958 1.93973412189314
3.49999999999997 -0.350783227689591 1.93627315497651
3.50999999999997 -0.360126399409095 1.9327185766497
3.51999999999997 -0.369432927005379 1.9290707491354
3.52999999999997 -0.378701981383168 1.92533004302032
3.53999999999997 -0.387932733447185 1.92149683718212
3.54999999999997 -0.397124354102154 1.91757151878941
3.55999999999997 -0.4062760142528 1.91355448330176
3.56999999999997 -0.415386884803845 1.90944613446969
3.57999999999997 -0.424456136660013 1.90524688433466
3.58999999999997 -0.43348294072603 1.90095715322912
3.59999999999997 -0.442466467906617 1.89657736977643
3.60999999999997 -0.451405889106499 1.89210797089092
3.61999999999997 -0.4603003752304 1.88754940177789
3.62999999999997 -0.469149097183044 1.88290211593355
3.63999999999997 -0.477951225869155 1.87816657514511
3.64999999999997 -0.486705932193455 1.87334324949071
3.65999999999997 -0.49541238706067 1.86843261733944
3.66999999999997 -0.504069761375523 1.86343516535134
3.67999999999997 -0.512677226042737 1.85835138847742
3.68999999999997 -0.521233951967037 1.85318178995963
3.69999999999997 -0.529739110053146 1.84792688133087
3.70999999999996 -0.538191871205789 1.84258718241501
3.71999999999996 -0.546591406329688 1.83716322132685
3.72999999999996 -0.554936886329569 1.83165553447216
3.73999999999996 -0.563227482110154 1.82606466654766
3.74999999999996 -0.571462364576167 1.82039117054101
3.75999999999996 -0.579640704632333 1.81463560773083
3.76999999999996 -0.587761673183374 1.80879854768671
3.77999999999996 -0.595824441134016 1.80288056826917
3.78999999999996 -0.603828179388981 1.79688225562968
3.79999999999996 -0.611772058852994 1.79080420421069
3.80999999999996 -0.619655250430778 1.78464701674558
3.81999999999996 -0.627476925027057 1.77841130425868
3.82999999999996 -0.635236253546556 1.77209768606529
3.83999999999996 -0.642932406893997 1.76570678977166
3.84999999999996 -0.650564555974104 1.75923925127497
3.85999999999996 -0.658131871691602 1.75269571476338
3.86999999999996 -0.665633524951214 1.746076832716
3.87999999999996 -0.673068686657665 1.73938326590287
3.88999999999996 -0.680436527715676 1.73261568338501
3.89999999999996 -0.687736219029974 1.72577476251437
3.90999999999996 -0.694966931505281 1.71886118893387
3.91999999999996 -0.702127836046322 1.71187565657738
3.92999999999996 -0.709218103557819 1.70481886766971
3.93999999999996 -0.716236904944498 1.69769153272664
3.94999999999996 -0.723183411111081 1.69049437055489
3.95999999999996 -0.730056792962292 1.68322810825214
3.96999999999996 -0.736856221402856 1.67589348120701
3.97999999999996 -0.743580867337497 1.6684912330991
3.98999999999996 -0.750229901670937 1.66102211589893
3.99999999999996 -0.756802495307901 1.653486889868
4.00999999999996 -0.763297882215786 1.64588632340109
4.01999999999996 -0.76971554861268 1.63822119129206
4.02999999999996 -0.776055043779344 1.6304922729996
4.03999999999996 -0.782315916996541 1.62270035248963
4.04999999999996 -0.788497717545031 1.61484621823524
4.05999999999996 -0.794599994705578 1.60693066321669
4.06999999999996 -0.800622297758941 1.59895448492148
4.07999999999996 -0.806564175985882 1.59091848534427
4.08999999999996 -0.812425178667164 1.58282347098692
4.09999999999996 -0.818204855083548 1.57467025285848
4.10999999999996 -0.823902754515794 1.56645964647519
4.11999999999996 -0.829518426244666 1.55819247186051
4.12999999999996 -0.835051419550924 1.54986955354504
4.13999999999996 -0.84050128371533 1.54149172056663
4.14999999999996 -0.845867568018646 1.53305980647027
4.15999999999996 -0.851149821741633 1.52457464930819
4.16999999999996 -0.856347594165052 1.51603709163977
4.17999999999996 -0.861460434569665 1.50744798053162
4.18999999999996 -0.866487892236235 1.49880816755751
4.19999999999995 -0.871429516445522 1.49011850879842
4.20999999999995 -0.876284856478288 1.48137986484252
4.21999999999995 -0.881053461615294 1.47259310078517
4.22999999999995 -0.885734881137302 1.46375908622893
4.23999999999995 -0.890328664325075 1.45487869528354
4.24999999999995 -0.894834360459372 1.44595280656594
4.25999999999995 -0.899251518820956 1.43698230320026
4.26999999999995 -0.903579688690588 1.42796807281783
4.27999999999995 -0.907818419349031 1.41891100755715
4.28999999999995 -0.911967260077044 1.40981200406395
4.29999999999995 -0.916025760155391 1.40067196349111
4.30999999999995 -0.919993468864833 1.39149179149874
4.31999999999995 -0.923869935486131 1.38227239825411
4.32999999999995 -0.927654709300046 1.37301469843171
4.33999999999995 -0.931347339587341 1.3637196112132
4.34999999999995 -0.934947375628777 1.35438806028745
4.35999999999995 -0.938454366705115 1.34502097385051
4.36999999999995 -0.941867862097117 1.33561928460563
4.37999999999995 -0.945187411085545 1.32618392976324
4.38999999999995 -0.94841256295116 1.31671585104099
4.39999999999995 -0.951542866974724 1.30721599466369
4.40999999999995 -0.954577872436998 1.29768531136337
4.41999999999995 -0.957517128618744 1.28812475637922
4.42999999999995 -0.960360184800723 1.27853528945766
4.43999999999995 -0.963106590263697 1.26891787485227
4.44999999999995 -0.965755894288428 1.25927348132385
4.45999999999995 -0.968307646155677 1.24960308214036
4.46999999999995 -0.970761395146206 1.23990765507699
4.47999999999995 -0.973116690540776 1.23018818241609
4.48999999999995 -0.975373081620149 1.22044565094723
4.49999999999995 -0.977530117665086 1.21068105196714
4.50999999999995 -0.9795874294037 1.20089538107615
4.51999999999995 -0.981544973353505 1.19108963593836
4.52999999999995 -0.983402787479366 1.18126481404183
4.53999999999995 -0.985160909746149 1.17142191249497
4.54999999999995 -0.986819378118719 1.16156192802655
4.55999999999995 -0.988378230561941 1.15168585698569
4.56999999999995 -0.98983750504068 1.14179469534186
4.57999999999995 -0.991197239519802 1.13188943868488
4.58999999999995 -0.992457471964171 1.12197108222492
4.59999999999995 -0.993618240338654 1.1120406207925
4.60999999999995 -0.994679582608114 1.10209904883849
4.61999999999995 -0.995641536737417 1.09214736043414
4.62999999999995 -0.99650414069143 1.082186549271
4.63999999999995 -0.997267432435015 1.07221760866101
4.64999999999995 -0.99793144993304 1.06224153153645
4.65999999999995 -0.998496231150369 1.05225931044995
4.66999999999994 -0.998961814051867 1.04227193757449
4.67999999999994 -0.999328236602401 1.03228040470342
4.68999999999994 -0.999595536766833 1.0222857032504
4.69999999999994 -0.999763752510031 1.01228882424948
4.70999999999994 -0.999832921796859 1.00229075835506
4.71999999999994 -0.999803082592183 0.992292495841853
4.72999999999994 -0.999674272860867 0.982295026604967
4.73999999999994 -0.999446530567777 0.972299340159842
4.74999999999994 -0.999119893677778 0.962306425642269
4.75999999999994 -0.998694400155735 0.952317271808393
4.76999999999994 -0.998170087966514 0.942332867034712
4.77999999999994 -0.99754699507498 0.932354199318071
4.78999999999994 -0.996825159445997 0.922382256275671
4.79999999999994 -0.996004619044432 0.91241802514506
4.80999999999994 -0.995085411835149 0.902462492784141
4.81999999999994 -0.994067575783014 0.892516645671167
4.82999999999994 -0.992951148852891 0.882581469904742
4.83999999999994 -0.991736169009647 0.87265795120382
4.84999999999994 -0.990422674218145 0.86274707490771
4.85999999999994 -0.989010702443252 0.852849825976069
4.86999999999994 -0.987500291649833 0.842967188988907
4.87999999999994 -0.985891479802752 0.833100148146585
4.88999999999994 -0.984184304866876 0.823249687269815
4.89999999999994 -0.982378804807069 0.813416789799661
4.90999999999994 -0.980475017588196 0.803602438797538
4.91999999999994 -0.978472981175124 0.793807616945212
4.92999999999994 -0.976372733532716 0.7840333065448
4.93999999999994 -0.974174312625838 0.774280489518772
4.94999999999994 -0.971877756419356 0.764550147409949
4.95999999999994 -0.969483102878134 0.754843261381501
4.96999999999994 -0.966990389967037 0.745160812216953
4.97999999999994 -0.964399655650932 0.735503780320178
4.98999999999994 -0.961710937894683 0.725873145715402
4.99999999999994 -0.958924274663156 0.716269888047202
5.00999999999994 -0.956039783846574 0.706694986380694
5.01999999999994 -0.953057903036602 0.697149417003582
5.02999999999994 -0.949979149750261 0.687634151228217
5.03999999999994 -0.946804041504574 0.678150155191775
5.04999999999994 -0.943533095816564 0.668698389856267
5.05999999999994 -0.940166830203253 0.659279811008529
5.06999999999994 -0.936705762181663 0.64989536926023
5.07999999999994 -0.933150409268817 0.640546010047867
5.08999999999994 -0.929501288981737 0.631232673632768
5.09999999999994 -0.925758918837446 0.62195629510109
5.10999999999994 -0.921923816352966 0.61271780436382
5.11999999999994 -0.91799649904532 0.603518126156775
5.12999999999994 -0.91397748443153 0.594358180040601
5.13999999999993 -0.909867290028618 0.585238880400775
5.14999999999993 -0.905666433353608 0.576161136447603
5.15999999999993 -0.901375431923521 0.56712585221622
5.16999999999993 -0.896994803255381 0.558133926566593
5.17999999999993 -0.892525064866208 0.549186253183517
5.18999999999993 -0.887966734273027 0.540283720576616
5.19999999999993 -0.883320328992859 0.531427212080346
5.20999999999993 -0.878586366542727 0.522617605853992
5.21999999999993 -0.873765364439653 0.513855774881669
5.22999999999993 -0.868857840200659 0.505142586972319
5.23999999999993 -0.86386431134277 0.496478904759719
5.24999999999993 -0.858785295383005 0.487865585702471
5.25999999999993 -0.853621309838389 0.479303482084009
5.26999999999993 -0.848372872225944 0.470793441012596
5.27999999999993 -0.843040500062691 0.462336304421326
5.28999999999993 -0.837624710865654 0.453932909068122
5.29999999999993 -0.832126022151855 0.445584086535736
5.30999999999993 -0.826544951438317 0.437290663231751
5.31999999999993 -0.820882016242061 0.429053460388579
5.32999999999993 -0.815137734080111 0.420873294063462
5.33999999999993 -0.809312622469489 0.412750975138473
5.34999999999993 -0.803407198927217 0.404687309320512
5.35999999999993 -0.797421980970317 0.396683097141311
5.36999999999993 -0.791357486115813 0.388739133957431
5.37999999999993 -0.785214231880727 0.380856209950263
5.38999999999993 -0.778992735782081 0.373035110126029
5.39999999999993 -0.772693515336897 0.365276614315777
5.40999999999993 -0.766317088062198 0.357581497175389
5.41999999999993 -0.759863971475007 0.349950528185575
5.42999999999993 -0.753334683092346 0.342384471651874
5.43999999999993 -0.746729740431237 0.334884086704657
5.44999999999993 -0.740049661008703 0.327450127299122
5.45999999999993 -0.733294962341767 0.320083342215298
5.46999999999993 -0.72646616194745 0.312784475058044
5.47999999999993 -0.719563777342776 0.30555426425705
5.48999999999993 -0.712588326044766 0.298393443066834
5.49999999999993 -0.705540325570444 0.291302739566743
5.50999999999993 -0.69842035214299 0.284282876514191
5.51999999999993 -0.691229216810227 0.277334569730234
5.52999999999993 -0.683967789326133 0.270458526485158
5.53999999999993 -0.676636939444688 0.263655445351703
5.54999999999993 -0.669237536919873 0.256926016205075
5.55999999999993 -0.661770451505667 0.250270920222937
5.56999999999993 -0.65423655295605 0.243690829885414
5.57999999999993 -0.646636711025002 0.237186408975088
5.58999999999993 -0.638971795466503 0.230758312577005
5.59999999999993 -0.631242676034534 0.22440718707867
5.60999999999992 -0.623450222483073 0.218133670170047
5.61999999999992 -0.615595304566101 0.21193839084356
5.62999999999992 -0.607678792037597 0.205821969394097
5.63999999999992 -0.599701554651543 0.199785017419001
5.64999999999992 -0.591664462161916 0.193828137818078
5.65999999999992 -0.583568384322699 0.187951924793594
5.66999999999992 -0.57541419088787 0.182156963850276
5.67999999999992 -0.567202751611409 0.176443831795309
5.68999999999992 -0.558934936247297 0.17081309673834
5.69999999999992 -0.550611614549512 0.165265318091476
5.70999999999992 -0.542233656272036 0.159801046569283
5.71999999999992 -0.533801931168848 0.154420824188788
5.72999999999992 -0.525317308993927 0.149125184269478
5.73999999999992 -0.516780659501255 0.143914651433302
5.74999999999992 -0.50819285244481 0.138789741604666
5.75999999999992 -0.499554757578574 0.133750962010439
5.76999999999992 -0.490867244656524 0.128798811179948
5.77999999999992 -0.482131183432643 0.123933778944981
5.78999999999992 -0.473347443660909 0.119156346439788
5.79999999999992 -0.464516895095302 0.114466986101076
5.80999999999992 -0.455640407489802 0.109866161668015
5.81999999999992 -0.44671885059839 0.105354328182233
5.82999999999992 -0.437753094175045 0.10093193198782
5.83999999999992 -0.428744007973748 0.0965994107313258
5.84999999999992 -0.419692461748477 0.0923571933617589
5.85999999999992 -0.410599325253213 0.0882057001305897
5.86999999999992 -0.401465468241936 0.0841453425917482
5.87999999999992 -0.392291760468626 0.0801765236016246
5.88999999999992 -0.383079071687262 0.0762996373190694
5.89999999999992 -0.373828271651826 0.0725150692053931
5.90999999999992 -0.364540230116295 0.0688231960243667
5.91999999999992 -0.355215816834652 0.0652243858422211
5.92999999999992 -0.345855901560874 0.0617189980276475
5.93999999999992 -0.336461354048943 0.0583073832517976
5.94999999999992 -0.327033044052839 0.0549898834882828
5.95999999999992 -0.31757184132654 0.0517668320131749
5.96999999999992 -0.308078615624028 0.0486385534050061
5.97999999999992 -0.298554236699281 0.0456053635447687
5.98999999999992 -0.288999574306281 0.0426675696159148
5.99999999999992 -0.279415498199006 0.0398254701043574
6.00999999999992 -0.269802901725372 0.0370793547394843
6.01999999999992 -0.260162772609031 0.0344295038453258
6.02999999999992 -0.25049612216757 0.0318761876917209
6.03999999999992 -0.240803961718577 0.0294196664353329
6.04999999999992 -0.231087302579639 0.0270601901196493
6.05999999999992 -0.221347156068343 0.0247979986749814
6.06999999999992 -0.211584533502276 0.0226333219184651
6.07999999999991 -0.201800446199027 0.0205663795540599
6.08999999999991 -0.191995905476182 0.0185973811725499
6.09999999999991 -0.182171922651328 0.0167265262515431
6.10999999999991 -0.172329509042053 0.0149540041554715
6.11999999999991 -0.162469675965943 0.0132799941355915
6.12999999999991 -0.152593434740588 0.0117046653299836
6.13999999999991 -0.142701796683572 0.0102281767635521
6.14999999999991 -0.132795773112485 0.00885067734802574
6.15999999999991 -0.122876375344913 0.00757230588195738
6.16999999999991 -0.112944614698443 0.00639319105072386
6.17999999999991 -0.103001502490663 0.00531345142652626
6.18999999999991 -0.0930480500391604 0.00433319546838972
6.19999999999991 -0.083085268661522 0.00345252152216353
6.20999999999991 -0.0731141696753352 0.00267151782052114
6.21999999999991 -0.0631357643981874 0.00199026248296007
6.22999999999991 -0.0531510641476658 0.00140882351580201
6.23999999999991 -0.0431610802413577 0.000927258812192737
6.24999999999991 -0.0331668239968506 0.000545616152102191
6.25999999999991 -0.0231693067317315 0.00026393320232445
6.26999999999991 -0.0131695397635878 8.22375164776581E-05
6.27999999999991 -0.00316853441000688 5.46535004149196E-07
6.28999999999991 0.00683269801142401 1.88675851703624E-05
6.29999999999991 0.0168331461831176 0.000137197881066836
6.30999999999991 0.0268317987874867 0.000355524523608278
6.31999999999991 0.0368276445069438 0.000673824500533521
6.32999999999991 0.0468196720239017 0.00109206468640548
6.33999999999991 0.0568068700207732 0.00161020184261124
6.34999999999991 0.0667882271799709 0.00222818261736202
6.35999999999991 0.0767627321839075 0.0029459435456931
6.36999999999991 0.0867293737149958 0.00376341104946396
6.37999999999991 0.0966871404556484 0.0046805014373582
6.38999999999991 0.106635021088278 0.00569712090488348
6.39999999999991 0.116572004295298 0.00681316553437167
6.40999999999991 0.126497078759119 0.00802852129497873
6.41999999999991 0.136409233162157 0.00934306404268474
6.42999999999991 0.146307456186822 0.0107566595202939
6.43999999999991 0.156190736515527 0.0122691633574346
6.44999999999991 0.166058062830686 0.0138804210705592
6.45999999999991 0.175908423814711 0.0155902680629444
6.46999999999991 0.185740808150014 0.0173985296246909
6.47999999999991 0.195554204519009 0.0193050209327236
6.48999999999991 0.205347601604108 0.0213095470507914
6.49999999999991 0.215119988087724 0.0234119029294674
6.50999999999991 0.224870371739646 0.0256118734538673
6.51999999999991 0.234597836679167 0.0279092339685522
6.52999999999991 0.244301486112956 0.0303037508024315
6.53999999999991 0.253980423247685 0.032795181316481
6.5499999999999 0.263633751290021 0.0353832739037437
6.5599999999999 0.273260573446636 0.0380677679893289
6.5699999999999 0.282859992924198 0.0408483940304128
6.5799999999999 0.292431112929378 0.0437248735162382
6.5899999999999 0.301973036668844 0.0466969189681145
6.5999999999999 0.311484867349267 0.0497642339394181
6.6099999999999 0.320965708177317 0.0529265130155918
6.6199999999999 0.330414662359663 0.0561834418141453
6.6299999999999 0.339830833102975 0.0595346969846548
6.6399999999999 0.349213323613922 0.0629799462087634
6.6499999999999 0.358561237099174 0.0665188482001808
6.6599999999999 0.367873676765401 0.0701510527046834
6.6699999999999 0.377149745819272 0.0738762005001141
6.6799999999999 0.386388547467458 0.077693923396383
6.6899999999999 0.395589184916628 0.0816038442354664
6.6999999999999 0.404750761373451 0.0856055768914076
6.7099999999999 0.413872380044597 0.0896987262703163
6.7199999999999 0.422953144136737 0.0938828883103693
6.7299999999999 0.431992156856539 0.0981576499818098
6.7399999999999 0.440988521410673 0.102522589286948
6.7499999999999 0.44994134100581 0.10697727526016
6.7599999999999 0.458849718848618 0.111521267967889
6.7699999999999 0.467712758145767 0.116154118508646
6.7799999999999 0.476529562103928 0.120875369013008
6.7899999999999 0.485299233929769 0.125684552643617
6.7999999999999 0.494020876829961 0.130581193595184
6.8099999999999 0.502693594011173 0.135564807094486
6.8199999999999 0.511316488680075 0.140634899400366
6.8299999999999 0.519888664043336 0.145790967803735
6.8399999999999 0.528409223307627 0.15103250062757
6.8499999999999 0.536877269679616 0.156358977226913
6.8599999999999 0.545291906365974 0.161769867988876
6.8699999999999 0.55365223657337 0.167264634332636
6.8799999999999 0.561957363508474 0.172842728709436
6.8899999999999 0.570206390377956 0.178503594602586
6.8999999999999 0.578398420388485 0.184246666527465
6.9099999999999 0.586532556746731 0.190071370031515
6.9199999999999 0.594607902659364 0.195977121694247
6.9299999999999 0.602623561333053 0.201963329127239
6.9399999999999 0.610578635974469 0.208029390974134
6.9499999999999 0.61847222979028 0.214174696910643
6.9599999999999 0.626303445987156 0.220398627644543
6.9699999999999 0.634071387771768 0.226700554915678
6.9799999999999 0.641775158350784 0.233079841495959
6.9899999999999 0.649413860930875 0.239535841189364
6.9999999999999 0.65698659871871 0.246067898831935
7.0099999999999 0.66449252532681 0.2526753504178
7.01999999999989 0.6719309959911 0.259357524485325
7.02999999999989 0.679301416353357 0.266113743503282
7.03999999999989 0.686603192055358 0.272943323996858
7.04999999999989 0.693835728738877 0.27984557654766
7.05999999999989 0.700998432045693 0.286819805793713
7.06999999999989 0.708090707617581 0.293865310429457
7.07999999999989 0.715111961096318 0.300981383205754
7.08999999999989 0.722061598123681 0.308167310929879
7.09999999999989 0.728939024341444 0.315422374465528
7.10999999999989 0.735743645391386 0.322745848732815
7.11999999999989 0.742474866915283 0.330137002708269
7.12999999999989 0.74913209455491 0.337595099424839
7.13999999999989 0.755714733952045 0.345119395971892
7.14999999999989 0.762222190748464 0.352709143495211
7.15999999999989 0.768653870585943 0.360363587196998
7.16999999999989 0.775009179106258 0.368081966335872
7.17999999999989 0.781287521951186 0.375863514226871
7.18999999999989 0.787488304762505 0.38370745824145
7.19999999999989 0.793610933181988 0.391613019807482
7.20999999999989 0.799654812851415 0.399579414409256
7.21999999999989 0.80561934941256 0.407605851587482
7.22999999999989 0.811503948507199 0.415691534939285
7.23999999999989 0.817308015777111 0.42383566211821
7.24999999999989 0.823030956864071 0.432037424834217
7.25999999999989 0.828672177409855 0.440296008853687
7.26999999999989 0.83423108305624 0.448610593999416
7.27999999999989 0.839707079445002 0.456980354150619
7.28999999999989 0.845099572217918 0.465404457242929
7.29999999999989 0.850407967016764 0.473882065268397
7.30999999999989 0.855631669483316 0.48241233427549
7.31999999999989 0.860770085259352 0.490994414369095
7.32999999999989 0.865822619986647 0.499627449710514
7.33999999999989 0.870788679306978 0.508310578517471
7.34999999999989 0.87566766886212 0.517042933064103
7.35999999999989 0.880458994293852 0.525823639680968
7.36999999999989 0.885162061243949 0.534651818755041
7.37999999999989 0.889776275354187 0.543526584729714
7.38999999999989 0.894301042266343 0.552447046104797
7.39999999999989 0.898735767622194 0.561412305436519
7.40999999999989 0.903079857063515 0.570421459337526
7.41999999999989 0.907332716232083 0.57947359847688
7.42999999999989 0.911493750769675 0.588567807580064
7.43999999999989 0.915562366318067 0.597703165428976
7.44999999999989 0.919537968519035 0.606878744861933
7.45999999999989 0.923419963014357 0.61609361277367
7.46999999999989 0.927207755445807 0.62534683011534
7.47999999999989 0.930900751455163 0.634637451894513
7.48999999999988 0.934498356684202 0.643964527175175
7.49999999999988 0.937999976774699 0.653327099077734
7.50999999999988 0.941405111717501 0.662724205014886
7.51999999999988 0.944713638899732 0.672154879286215
7.52999999999988 0.947925530057586 0.681618155672799
7.53999999999988 0.951040756927258 0.691113067673073
7.54999999999988 0.954059291244943 0.700638648502837
7.55999999999988 0.956981104746833 0.710193931095252
7.56999999999988 0.959806169169125 0.719777948100841
7.57999999999988 0.962534456248011 0.729389731887489
7.58999999999988 0.965165937719686 0.739028314540444
7.59999999999988 0.967700585320345 0.748692727862313
7.60999999999988 0.970138370786182 0.758382003373067
7.61999999999988 0.97247926585339 0.76809517231004
7.62999999999988 0.974723242258165 0.777831265627927
7.63999999999988 0.9768702717367 0.787589313998782
7.64999999999988 0.978920326025191 0.797368347812027
7.65999999999988 0.98087337685983 0.80716739717444
7.66999999999988 0.982729395976812 0.816985491910164
7.67999999999988 0.984488355112333 0.826821661560704
7.68999999999988 0.986150226002585 0.836674935384926
7.69999999999988 0.987714980383763 0.846544342359058
7.70999999999988 0.989182589992062 0.856428911176691
7.71999999999988 0.990553026563676 0.866327670248777
7.72999999999988 0.991826261834799 0.876239647703629
7.73999999999988 0.993002267541625 0.886163871386925
7.74999999999988 0.994081015420348 0.896099368861701
7.75999999999988 0.995062477207163 0.906045167408358
7.76999999999988 0.995946624638265 0.916000294024658
7.77999999999988 0.996733429449847 0.925963775425725
7.78999999999988 0.997422863378103 0.935934638044044
7.79999999999988 0.998014898159229 0.945911908029463
7.80999999999988 0.998509505529418 0.955894611249191
7.81999999999988 0.998906657224864 0.965881773287801
7.82999999999988 0.999206324981762 0.975872419447226
7.83999999999988 0.999408480536306 0.985865574746762
7.84999999999988 0.99951309562469 0.995860263923065
7.85999999999988 0.999520141983109 1.00585551143016
7.86999999999988 0.999429591347757 1.01585034143941
7.87999999999988 0.999241415454828 1.02584377783958
7.88999999999988 0.998955586040516 1.03583484423677
7.89999999999988 0.998572074841016 1.04582256395444
7.90999999999988 0.998090853592522 1.05580596003343
7.91999999999988 0.997511894031229 1.06578405523192
7.92999999999988 0.996835167893329 1.07575587202546
7.93999999999988 0.996060646915019 1.08572043260698
7.94999999999987 0.995188302832491 1.09567675888675
7.95999999999987 0.994218107381941 1.10562387249241
7.96999999999987 0.993150032299563 1.11556079476895
7.97999999999987 0.99198404932155 1.12548654677874
7.98999999999987 0.990720130184098 1.13540014930151
7.99999999999987 0.9893582466234 1.14530062283435
8.00999999999987 0.987898392394161 1.15518698764674
8.01999999999987 0.986340649325126 1.1650582643861
8.02999999999987 0.984685121263552 1.17491347468327
8.03999999999987 0.982931912056693 1.18475164120755
8.04999999999987 0.981081125551806 1.19457178766674
8.05999999999987 0.979132865596146 1.20437293880708
8.06999999999987 0.977087236036969 1.21415412041332
8.07999999999987 0.97494434072153 1.22391435930864
8.08999999999987 0.972704283497086 1.23365268335472
8.09999999999987 0.970367168210892 1.2433681214517
8.10999999999987 0.967933098710204 1.25305970353822
8.11999999999987 0.965402178842276 1.26272646059135
8.12999999999987 0.962774512454367 1.27236742462666
8.13999999999987 0.960050203393729 1.2819816286982
8.14999999999987 0.957229355507621 1.29156810689845
8.15999999999987 0.954312072643297 1.30112589435842
8.16999999999987 0.951298458648012 1.31065402724755
8.17999999999987 0.948188617369023 1.32015154277377
8.18999999999987 0.944982652653586 1.32961747918347
8.19999999999987 0.941680668348955 1.33905087576154
8.20999999999987 0.938282768302387 1.34845077283131
8.21999999999987 0.934789056361138 1.35781621175461
8.22999999999987 0.931199636372463 1.36714623493171
8.23999999999987 0.927514612183618 1.37643988580139
8.24999999999987 0.923734087641857 1.38569620884087
8.25999999999987 0.919858166594439 1.39491424956587
8.26999999999987 0.915886952888617 1.40409305453057
8.27999999999987 0.911820550371648 1.41323167132761
8.28999999999987 0.907659062890787 1.42232914858812
8.29999999999987 0.90340259429329 1.4313845359817
8.30999999999987 0.899051248426413 1.44039688421642
8.31999999999987 0.894605129137411 1.44936524503882
8.32999999999987 0.89006434027354 1.45828867123392
8.33999999999987 0.885428985682057 1.4671662166252
8.34999999999987 0.880699169210215 1.47599693607463
8.35999999999987 0.875874994705272 1.48477988548263
8.36999999999987 0.870956566014483 1.49351412178811
8.37999999999987 0.865943986985104 1.50219870296845
8.38999999999987 0.860837361464389 1.51083268803951
8.39999999999987 0.855636793299596 1.51941513705559
8.40999999999987 0.85034238633798 1.52794511110951
8.41999999999986 0.844954244426796 1.53642167233252
8.42999999999986 0.8394724714133 1.54484388389437
8.43999999999986 0.833897171144748 1.55321081000327
8.44999999999986 0.828228447468395 1.56152151590591
8.45999999999986 0.822466404231498 1.56977506788744
8.46999999999986 0.816611145281311 1.57797053327149
8.47999999999986 0.810662774465092 1.58610698042018
8.48999999999986 0.804621395630094 1.59418347873406
8.49999999999986 0.798487112623575 1.60219909865221
8.50999999999986 0.792260321319327 1.61015291238219
8.51999999999986 0.785942585697299 1.61804400193087
8.52999999999986 0.779535761763974 1.6258714671351
8.53999999999986 0.77304170552584 1.6336344263918
8.54999999999986 0.766462272989381 1.64133201665795
8.55999999999986 0.759799320161081 1.64896339345061
8.56999999999986 0.753054703047428 1.65652773084689
8.57999999999986 0.746230277654905 1.66402422148396
8.58999999999986 0.739327899989999 1.67145207655908
8.59999999999986 0.732349426059195 1.67881052582954
8.60999999999986 0.725296711868977 1.68609881761273
8.61999999999986 0.718171613425832 1.69331621878608
8.62999999999986 0.710975986736244 1.70046201478709
8.63999999999986 0.703711687806699 1.70753550961334
8.64999999999986 0.696380572643682 1.71453602582245
8.65999999999986 0.68898449725368 1.72146290453212
8.66999999999986 0.681525317643175 1.72831550542012
8.67999999999986 0.674004889818656 1.73509320672427
8.68999999999986 0.666425069786605 1.74179540524247
8.69999999999986 0.65878771355351 1.74842151633266
8.70999999999986 0.651094677125855 1.75497097391289
8.71999999999986 0.643347816510125 1.76144323046122
8.72999999999986 0.635548987712806 1.76783775701582
8.73999999999986 0.627700046740384 1.77415404317489
8.74999999999986 0.619802849599343 1.78039159709673
8.75999999999986 0.611859252296168 1.78654994549967
8.76999999999986 0.603871110837346 1.79262863366213
8.77999999999986 0.595840281229361 1.79862722542259
8.78999999999986 0.5877686194787 1.80454530317958
8.79999999999986 0.579657981591846 1.81038246789171
8.80999999999986 0.571510223575286 1.81613833907765
8.81999999999986 0.563327201435504 1.82181255481614
8.82999999999986 0.555110771178987 1.82740477174597
8.83999999999986 0.546862788812219 1.83291466506602
8.84999999999986 0.538585110341686 1.8383419285352
8.85999999999986 0.530279591773873 1.84368627447252
8.86999999999986 0.521948089115265 1.84894743375704
8.87999999999986 0.513592458372348 1.85412515582788
8.88999999999985 0.505214555551608 1.85921920868423
8.89999999999985 0.496816236659528 1.86422937888534
8.90999999999985 0.488399357702596 1.86915547155054
8.91999999999985 0.479965774687295 1.8739973103592
8.92999999999985 0.471517343620112 1.87875473755078
8.93999999999985 0.463055920507531 1.88342761392478
8.94999999999985 0.454583361356039 1.8880158188408
8.95999999999985 0.446101522172119 1.89251925021846
8.96999999999985 0.437612258962259 1.89693782453749
8.97999999999985 0.429117427732942 1.90127147683764
8.98999999999985 0.420618884490655 1.90552016071877
8.99999999999985 0.412118485241882 1.90968384834077
9.00999999999985 0.40361808599311 1.91376253042361
9.01999999999985 0.395119542750822 1.91775621624732
9.02999999999985 0.386624711521506 1.921664933652
9.03999999999985 0.378135448311645 1.92548872903781
9.04999999999985 0.369653609127725 1.92922766736499
9.05999999999985 0.361181049976233 1.93288183215381
9.06999999999985 0.352719626863652 1.93645132548464
9.07999999999985 0.344271195796468 1.9399362679979
9.08999999999985 0.335837612781167 1.94333679889408
9.09999999999985 0.327420733824234 1.94665307593372
9.10999999999985 0.319022414932154 1.94988527543744
9.11999999999985 0.310644512111412 1.95303359228593
9.12999999999985 0.302288881368495 1.95609823991993
9.13999999999985 0.293957378709886 1.95907945034025
9.14999999999985 0.285651860142072 1.96197747410776
9.15999999999985 0.277374181671538 1.96479258034341
9.16999999999985 0.26912619930477 1.96752505672821
9.17999999999985 0.260909769048251 1.97017520950321
9.18999999999985 0.252726746908469 1.97274336346956
9.19999999999985 0.244578988891908 1.97522986198846
9.20999999999985 0.236468351005053 1.97763506698116
9.21999999999985 0.22839668925439 1.97995935892901
9.22999999999985 0.220365859646404 1.98220313687339
9.23999999999985 0.21237771818758 1.98436681841577
9.24999999999985 0.204434120884405 1.98645083971767
9.25999999999985 0.196536923743362 1.98845565550067
9.26999999999985 0.188687982770938 1.99038173904643
9.27999999999985 0.180889153973618 1.99222958219667
9.28999999999985 0.173142293357887 1.99399969535317
9.29999999999985 0.16544925693023 1.99569260747779
9.30999999999985 0.157811900697133 1.99730886609243
9.31999999999985 0.150232080665081 1.99884903727907
9.32999999999985 0.142711652840559 2.00031370567975
9.33999999999985 0.135252473230053 2.00170347449659
9.34999999999985 0.127856397840048 2.00301896549175
9.35999999999984 0.12052528267703 2.00426081898748
9.36999999999984 0.113260983747483 2.00542969386607
9.37999999999984 0.106065357057893 2.0065262675699
9.38999999999984 0.0989402586147456 2.00755123610139
9.39999999999984 0.0918875444245258 2.00850531402304
9.40999999999984 0.084909070493719 2.00938923445741
9.41999999999984 0.0780066928288105 2.01020374908713
