0 0.027027027027027
1 0
2 0
3 0
4 0
5 0
6 0
7 0
8 0
9 0
10 0
11 0
12 0
13 0
14 0
15 0.027027027027027
16 0.027027027027027
17 0.027027027027027
18 0.027027027027027
19 0.0540540540540541
20 0.0540540540540541
21 0.0540540540540541
22 0.0540540540540541
23 0.0810810810810811
24 0.0810810810810811
25 0.0810810810810811
26 0.108108108108108
27 0.108108108108108
28 0.135135135135135
29 0.135135135135135
30 0.162162162162162
31 0.162162162162162
32 0.189189189189189
33 0.189189189189189
34 0.216216216216216
35 0.243243243243243
36 0.27027027027027
37 0.27027027027027
38 0.297297297297297
39 0.324324324324324
40 0.351351351351351
41 0.378378378378378
42 0.405405405405405
43 0.432432432432432
44 0.486486486486487
45 0.513513513513513
46 0.648648648648649
47 0.567567567567568
48 0.621621621621622
49 0.675675675675676
50 0.675675675675676
51 0.72972972972973
52 0.783783783783784
53 0.810810810810811
54 0.864864864864865
55 0.918918918918919
56 0.945945945945946
57 1
