0 0.79241810105576 1.1459516276368
1 0.201180471526947 1.09575024308766
2 0.0246735981030675 1.01604821814995
3 0.0245584775868971 0.932257082893191
4 0.0248481453053385 0.847903367609543
5 0.0249346594819622 0.764478369635725
6 0.0248038482616854 0.683386603163815
7 0.0244610177145989 0.605876857528109
8 0.0239206041142436 0.532972271167644
9 0.0232044220753547 0.4654286984366
10 0.022339606758184 0.403723244247413
11 0.0213563027509646 0.348069239171728
12 0.0202854209676403 0.298450535309211
13 0.0191567218521379 0.254666827735452
14 0.0179973758175184 0.216382375243768
15 0.0168310440119506 0.183172275036366
16 0.0156774385406891 0.154562590185915
17 0.0145522709341522 0.130062588609238
18 0.0134674789405698 0.109188843507898
19 0.0124316261890005 0.0914819020126352
20 0.0114503869582721 0.0765167196383381
21 0.0105270508384767 0.0639082072942578
22 0.00966300390196392 0.0533131719112916
23 0.00885816119460396 0.0444297544127785
24 0.00811133896667495 0.0369952517286585
25 0.00742056431744899 0.0307829965349136
26 0.00678332560991089 0.0255987817805519
27 0.00619677004383563 0.0212771651402299
28 0.0056578559986866 0.0176778713688179
29 0.00516346784595318 0.0146824240960157
30 0.00471050037558157 0.0121910773299305
31 0.00429591911700811 0.0101200752211987
32 0.00391680187314082 0.00839924149940785
33 0.00357036584865845 0.00696988335158721
34 0.00325398390619278 0.00578298518884424
35 0.0029651927518758 0.00479766336132315
36 0.00270169523969127 0.00397985170227244
37 0.00246135848440319 0.00330118858787998
38 0.0022422090722359 0.00273807814727789
39 0.00204242634191592 0.0022709007858488
40 0.00186033446145425 0.00188335092567726
41 0.00169439383490273 0.0015618825958974
42 0.00154319222683837 0.00129524608561837
43 0.00140543588099735 0.00107410123500884
44 0.00127994082553009 0.000890695054067692
45 0.00116562449456935 0.000738593219541173
46 0.00106149774925528 0.000612456617638202
47 0.000966657347207131 0.000507855494038978
48 0.000880278884654869 0.000421114963327085
49 0.000801610217754583 0.000349186641944499
50 0.000729965357213767 0.000289542026255418
51 0.000664718821913945 0.00024008395811137
52 0.00060530043168656 0.000199073127792104
53 0.000551190516019866 0.000165067072824598
54 0.000501915513637947 0.000136869556619956
55 0.00045704393717808 0.000113488566547915
56 0.000416182677255201 9.41014680400087E-05
57 0.000378973620811209 7.80260980839387E-05
58 0.000345090559606511 6.46967878559224E-05
59 0.000314236365904056 5.36444751055853E-05
60 0.000286140413715633 4.44802098407138E-05
61 0.000260556225361907 3.68814747240265E-05
62 0.000237259324487406 3.05808404519325E-05
63 0.000216045278047888 2.53565578525183E-05
64 0.000196727911104583 2.10247560197274E-05
65 0.000179137679533598 1.7432972914122E-05
66 0.000163120186945912 1.44547904454839E-05
67 0.000148534833243581 1.1985385970803E-05
68 0.000135253583278269 9.93784343350512E-06
69 0.000123159845055934 8.24009455868691E-06
70 0.000112147447826305 6.83238254239882E-06
71 0.000102119711232691 5.66515896593955E-06
72 9.29885974524881E-05 4.69733988595067E-06
73 8.46739389718502E-05 3.89485986573845E-06
74 7.71027352712157E-05 3.22947305164689E-06
75 7.02085122968529E-05 2.6777589354765E-06
76 6.39307391276893E-05 2.22029806096202E-06
77 5.82142967426498E-05 1.84098850652958E-06
78 5.30089942451638E-05 1.5264791599634E-06
79 4.82691283109438E-05 1.26569974412405E-06
80 4.39530820033028E-05 1.04947117662846E-06
81 4.00229594425234E-05 8.70182553569521E-07
82 3.64442531254914E-05 7.21523122138024E-07
83 3.31855409840456E-05 5.98260292861141E-07
84 3.02182105206473E-05 4.96055378107485E-07
85 2.75162076067704E-05 4.1131088934776E-07
86 2.50558077360375E-05 3.41043936202823E-07
87 2.28154077297096E-05 2.82781215332761E-07
88 2.07753360624118E-05 2.34471954740911E-07
89 1.89176801475502E-05 1.94415722631902E-07
90 1.72261290635034E-05 1.61202599713306E-07
91 1.56858303424819E-05 1.33663526469263E-07
92 1.42832595626532E-05 1.10829173394222E-07
93 1.30061016019547E-05 9.18957674400644E-08
94 1.18431425075497E-05 7.61969261020568E-08
95 1.07841710352904E-05 6.31800105566072E-08
96 9.81988899063092E-06 5.23868699531249E-08
97 8.94182958921426E-06 4.34376197233632E-08
98 8.14228311411225E-06 3.60172229818545E-08
99 7.41422922314788E-06 2.98645197460701E-08
100 6.75127530683708E-06 2.47629152738682E-08
101 6.14760035985791E-06 2.05328660740634E-08
102 5.59790386940963E-06 1.7025477916377E-08
103 5.09735927572275E-06 1.41172762369024E-08
104 4.6415715921652E-06 1.17059038018397E-08
105 4.2265388161565E-06 9.70647917597489E-09
106 3.8486167896135E-06 8.04864086489943E-09
107 3.50448720207241E-06 6.67400357201586E-09
108 3.19112845436819E-06 5.53422907501044E-09
109 2.90578912796497E-06 4.58916460388537E-09
110 2.64596382623831E-06 3.80555320589338E-09
111 2.40937117627532E-06 3.15580450660491E-09
112 2.19393379709234E-06 2.6170710043516E-09
113 1.99776006009894E-06 2.17035278637923E-09
114 1.81912747899735E-06 1.79997172722324E-09
115 1.65646758632908E-06 1.49285384054565E-09
116 1.50835216111205E-06 1.23819532404923E-09
117 1.37348068918968E-06 1.02706465554547E-09
118 1.25066894317318E-06 8.51979820026827E-10
119 1.13883858566779E-06 7.06830149965754E-10
120 1.03700769992729E-06 5.86460657814314E-10
121 9.44282168913311E-07 5.86460657814314E-10
