0 0.795923137582576 0.457182858617468
1 0.184489885263534 0.0984965816009193
2 0.0123275392986975 0.0166898660691537
3 0.00502650258793795 0.00269869426255198
4 0.0020279362916641 0.000433389566723008
5 0.00081321361402293 6.9523636827995E-05
6 0.000325747466629614 1.11509419724598E-05
7 0.000130460401231162 1.78845921183779E-06
8 5.22472638035759E-05 2.86844827002142E-07
9 2.09240775409921E-05 4.60076208241844E-08
10 8.37970551264667E-06 7.38085148555001E-09
11 3.35591643947555E-06 1.18568621587656E-09
12 1.34398218511194E-06 1.92066806903313E-10
13 5.38239893851548E-07 1.92066806903313E-10
