0 0.788058767669618 1.67836375771596
1 0.132010594816985 1.78262381347679
2 0.00535443907282502 1.79950627628446
3 0.00200310207779282 1.80219074793235
4 0.000797687558517531 1.802618607511
5 0.000318122959648911 1.80268667853436
6 0.000126869038468219 1.80269750511637
7 5.05953059078632E-05 1.80269922698733
8 2.0177316238807E-05 1.80269950083362
9 8.0466722922644E-06 1.80269954438607
10 3.20899605860177E-06 1.80269955131265
11 1.27974088592549E-06 1.80269955241424
12 5.10357974990775E-07 1.80269955241424
