0 5.8 0.29 0
0.01 5.78818397071429 0.30160481755102 0.000211211734693878
0.0306796524256102 5.76233292617868 0.326992296927993 0.000674776893332076
0.0629599398709562 5.71790560059219 0.370618174389473 0.00147622501833952
0.10484626636038 5.65207934304779 0.435245669311434 0.00267498764077246
0.152826827335122 5.56384361874869 0.521852791827907 0.00430358942340658
0.203341000719838 5.45407949159682 0.629554906625499 0.00636560177767766
0.253670362990959 5.32525424135807 0.755906777879665 0.00883898076226658
0.299699225966393 5.18854163816902 0.889928154589625 0.0115302072413543
0.344238538925852 5.03772239500761 1.0376950906186 0.01458251437379
0.386891927388251 4.87530355969427 1.19672297391801 0.0179734663877258
0.427719588889441 4.70294230786008 1.36535981726553 0.0216978748743929
0.467051615881081 4.5213249404613 1.54290201797086 0.0257730415678429
0.505374760553364 4.33016697708366 1.72958992390879 0.0302430990075511
0.543288452194341 4.12819034293831 1.92662379828871 0.0351858587729865
0.581524671538437 3.91294003076231 2.13633297608655 0.040726993151142
0.621048057362501 3.68023419729415 2.36269461486302 0.0470711878428313
0.663319424820206 3.42271347437782 2.61270953466612 0.0545769909560612
0.711073032376465 3.12547019084087 2.90055385584301 0.06397595331612
0.77184951399333 2.74598399620044 3.2666507775339 0.0773652262656621
0.841831885591164 2.32174828450607 3.67351609957639 0.0947356159175382
0.890903547933636 2.04088767096387 3.94101730652961 0.108095022506518
0.93485625806156 1.80491285099864 4.16425609367291 0.120831055328447
0.974678953801395 1.60574779500603 4.35129927864869 0.132952926345279
1.0132058297558 1.4273401807927 4.51749349768052 0.145166321526781
1.05053362312573 1.26833552750643 4.66424805575931 0.157416416734255
1.08704729839541 1.12605622297338 4.79418403919134 0.169759737835277
1.12320641823852 0.9978652929019 4.90983471485707 0.182299992241032
1.15946482078323 0.881587987459783 5.01325392864793 0.195158083892289
1.19625181262733 0.775555000176892 5.10598386968002 0.208461130143087
1.2339784191048 0.678526069361863 5.18913312771639 0.222340802921749
1.2730530769406 0.589593459250815 5.26347042347228 0.236936117276904
1.3139011196968 0.508097329633215 5.32950409982324 0.252398570543547
1.35698688776408 0.433559623563715 5.38754138782412 0.268898988612165
1.40283944756613 0.365634724175193 5.43772904002515 0.286636235799652
1.4520842923452 0.304073067744313 5.48007842726583 0.305848504989853
1.50548484697747 0.248693941180964 5.51447757801236 0.326828480806678
1.56399973405105 0.199364260071681 5.54069126578098 0.349944474147333
1.62886535721426 0.155980656789475 5.55834840777228 0.375670935438245
1.70171976679483 0.118452519859392 5.56691344732029 0.404634032820316
1.78479564163787 0.0866836577944014 5.56563421247303 0.437682129732571
1.88123311526459 0.0605500094393033 5.55345112678296 0.475998863777737
1.99560939433517 0.0398703819433306 5.52883751735135 0.521292100705313
2.13488017018741 0.0243670134528855 5.48950875112474 0.576124235422376
2.31014622181078 0.013614510680214 5.43186704068439 0.644518448635395
2.54015969475109 0.00698517774922821 5.34989007362688 0.733124748623889
2.85855091096877 0.0036351246202321 5.23286189544875 0.853502979931011
3.32738268287411 0.00270311447957142 5.06138711197825 1.02590977354218
4.04115772408919 0.00431714942794912 4.80813016562567 1.27755268494638
5.04047613729895 0.0133924042451361 4.46758947852553 1.60901811722934
5.80079556192078 0.0186398479069276 4.22545028885305 1.84590986324002
6.42240924545114 0.0155145396674528 4.04437699802347 2.03010846230908
7.02149055649828 0.0113272104531015 3.87864746576255 2.20002532378434
7.6479972807786 0.00831198373094543 3.71155031037264 2.37013770589641
8.36265176731172 0.0070446509016565 3.52780270582309 2.55515264327525
9.2244648172004 0.00773879270616372 3.31617330623612 2.76608790105771
10.2631377770618 0.0110714337013447 3.07525535983195 3.00367320646671
11.4386136126809 0.0176204277657132 2.82018114435572 3.25219842787857
12.5605159662664 0.0210037797886788 2.59831479437479 3.47068142583653
13.6354151081466 0.0195557591465265 2.40637343351161 3.66407080734186
14.6778501814453 0.015126329920809 2.23703636521625 3.83783730486294
15.764486931722 0.011159863115536 2.07312524118402 4.00571489570044
17.0098863111361 0.00906649083464417 1.89811826178313 4.18281524738222
18.5474066096244 0.00917644238476079 1.69999613845611 4.38082741915912
20.4907008275065 0.0119020281215491 1.47622580292495 4.6018721689535
22.8739608174392 0.0175946655249083 1.23816292129059 4.8342424131845
25.6253349787208 0.024227450435154 1.00804673565217 5.05772581391267
28.6229417716622 0.0261729110124205 0.807965399738108 5.25586168924947
31.8621799967132 0.0219642506399805 0.641393374909728 5.42664237445029
35.6035899869692 0.0163536164132152 0.493642436762517 5.58000394682426
40.4210917461233 0.0122262441129185 0.352515206792373 5.72525854909471
47.0529460857198 0.00920320682449474 0.223432909100682 5.85736388407482
56.0370114945726 0.00642796506573837 0.124744258166429 5.95882777676783
68.0226787516321 0.00450623799474495 0.0627478498056922 6.02274591219956
84.3436323493292 0.00359530915502721 0.0312919829514845 6.05511270789348
