0 1 1
0.01 0.99995 0.999950000416665
0.0437649506765214 0.999042343047938 0.99904246739662
0.116001576706938 0.993274877919893 0.99327935845826
0.232197182270033 0.973112856754696 0.973163136995897
0.38858781173368 0.925173486164075 0.925445035036009
0.576887869327914 0.837253183324702 0.838164118548262
0.788358808338836 0.702796794059913 0.705010193089038
1.01573623903552 0.522712719328087 0.526994367865145
1.25365230567572 0.304858233355631 0.311854285096217
1.49839346442349 0.0623175995047379 0.072339620876938
1.7474884149619 -0.188648895834825 -0.175774131672819
1.99933066241794 -0.430544268150854 -0.415538116431989
2.25289079264892 -0.646311559929941 -0.630420243146098
2.50751501334753 -0.820722474217399 -0.80561847700797
2.76279038480172 -0.941483907712747 -0.929108232381134
3.01845699345352 -1.00006437766092 -0.992428378848596
3.27435160180539 -0.992233444787306 -0.991200466501393
3.53037183412617 -0.91830476381465 -0.925372511916826
3.78645354594717 -0.783079117684311 -0.799183390508548
4.04255657553404 -0.595495798578841 -0.620854613606851
4.29865579282158 -0.368016145171919 -0.40203032643737
4.55473548409956 -0.11577923967811 -0.157001237643046
4.81078583239665 0.144415492501215 0.0982381501143682
5.06680071262526 0.395232410463169 0.347038717925102
5.32277631082617 0.619956766099689 0.573184891748967
5.57871025967729 0.803608582736869 0.761951633783248
5.83460109730811 0.933939769414632 0.901062019600682
6.09044792853747 1.00224857901783 0.981483578262119
