0 5.8 0.29 0
0.01 5.79767201426171 0.292120088289306 0.000207897448979592
0.0575969756884052 5.78637139711432 0.302410347786772 0.00121825509890808
0.183587828662147 5.75465375525627 0.331281908797506 0.00406433594621914
0.413322149851784 5.68957549933217 0.390472918724568 0.00995158194326552
0.741188237492975 5.57834915474178 0.491485418521071 0.0201654267371482
1.13682599638312 5.41035878211884 0.643668694121908 0.0359725237592492
1.56212283614239 5.18116564844426 0.850502276629248 0.0583320749264887
1.98674556307631 4.89513829238113 1.10721099728389 0.0876507103349801
2.39532281239767 4.56272514132456 1.40332566394618 0.123949194729268
2.78684981516707 4.19370725350662 1.72881146967094 0.167481276822433
3.17156582538094 3.79083101834642 2.07954716376634 0.219621817887239
3.57128214496803 3.34415294090784 2.46149477778923 0.284352281302928
4.034104759232 2.81627213592914 2.9006607166503 0.373067147420561
4.56023955648237 2.24160019113747 3.35723152020669 0.491168288655841
4.94031151516092 1.86554240566637 3.6380291649062 0.586428429427432
5.28752285190605 1.55924936178717 3.85118444097997 0.679566197232861
5.62273508572469 1.30023334197765 4.01576873985188 0.773997918170469
5.94828825814302 1.08316294002232 4.13781693311078 0.869020126866899
6.27095740879959 0.899778787758065 4.2246338203432 0.96558739189874
6.59848674146191 0.743099641055755 4.28162521626075 1.0652751426835
6.93874790346688 0.608068687648228 4.31204394002857 1.16988737232321
7.29994527711741 0.491208266626915 4.31740443723141 1.28138729614167
7.69125491892301 0.3901530948816 4.29787196696271 1.40197493815569
8.12377698349062 0.303273597592532 4.2524769457156 1.53424945669187
8.61193330875601 0.229407263324416 4.17913777445642 1.68145496221916
9.17566414527625 0.167672923367589 4.07448005408773 1.84784702254468
9.84411173191119 0.117341212636136 3.93341115888241 2.03924762848145
10.6619417159686 0.0777422631996471 3.74842489988932 2.26383283691103
11.6987833245827 0.0481973498524533 3.50909765879454 2.53270499135301
13.049785687515 0.0279135115685073 3.20557116587433 2.85651532255717
14.7729435525141 0.0155145985665173 2.84639207099364 3.22809333043984
16.8217050297802 0.00858374524247657 2.46634685062772 3.6150694041298
19.1360420815442 0.0048191160096551 2.09554095059914 3.98963993339121
21.7055949534534 0.00277363810305938 1.74793942579017 4.33928693610677
24.5641403528679 0.00164801586663454 1.42840843780633 4.65994354632704
27.7767303521271 0.00101656790489919 1.13875001437991 4.95023341771519
31.4359974928527 0.000654505451406922 0.880291833686148 5.20905366086244
35.667494295539 0.000442333158480963 0.654594677584569 5.43496298925695
40.6439540763338 0.000315599747823565 0.463357878703958 5.62632652154822
46.6117744152278 0.000238932762141555 0.30799004028024 5.78177102695762
53.9385276588465 0.000192562152301153 0.189010402664056 5.90079703518364
63.2006496711422 0.000165197382905908 0.105340676821248 5.98449412579585
75.3513874776774 0.000150142212826304 0.0535917192595829 6.03625813852759
92.0444901411032 0.000143119356868302 0.0277833936029046 6.06207348704023
