0 5.8 0.29 0
0.01 5.7961102335291 0.293681316640967 0.000208449829931973
0.0463374579739699 5.78158299628871 0.307428830321527 0.000988173389762404
0.12749458036489 5.74682950538861 0.340309224689884 0.00286126992150574
0.260238898566738 5.68253500456539 0.401109365438309 0.00635562999630102
0.43683097472349 5.58075030338509 0.497282915400189 0.0119667812147167
0.640733671016582 5.43630045785133 0.633595521730843 0.0201040204178248
0.854491362616861 5.24869419645422 0.810309495830082 0.0309963077156951
1.0652829760367 5.02247256007107 1.02287098520657 0.0446564547223618
1.25628854262557 4.77915027823277 1.25079437179893 0.0600553499683008
1.44107674854584 4.5085015417882 1.503366771237 0.0781316869747946
1.62060316047714 4.2139721485687 1.77694810196762 0.0990797494636799
1.79871368019424 3.8949208707905 2.07158624333744 0.123492885872058
1.98229826302357 3.54465287693604 2.392634573489 0.152712549574955
2.1842553450841 3.14485546090395 2.7553259561544 0.189818582941656
2.43955635691213 2.6385451848529 3.2072118898094 0.244242925337697
2.69738142426672 2.15333893085843 3.62927931240296 0.307381756738608
2.89430740122706 1.81506805688781 3.91437103332311 0.360560909789082
3.06968097161733 1.54323136558665 4.13568669883356 0.411081935579795
3.2381243379973 1.31045497274922 4.31751646698512 0.462028560265655
3.40093251622217 1.11216310556462 4.46465991542379 0.51317697901159
3.56111703403804 0.94187027927499 4.58311541026475 0.565014310460256
3.7219810645319 0.794060257769327 4.67764955085958 0.618290191371098
3.8867452374432 0.664662387070006 4.75149285159552 0.673844761334473
4.05858249645922 0.550824829700066 4.80660244306417 0.732572727235761
4.2408010490398 0.450582430622679 4.84396935427049 0.795448215106827
4.43709881018263 0.362578033769452 4.86384081527293 0.863581150957615
4.65189216949582 0.285857791900005 4.8658425979028 0.938299610197194
4.89076667689679 0.219726005916623 4.84900777755139 1.02126621653199
5.16114545278742 0.163640551375837 4.81171027271388 1.11464917591029
5.4733543995997 0.117132813066746 4.75148013796103 1.22138704897222
5.84243296193903 0.0797396694417091 4.66463986396745 1.34562046659084
6.29140512742161 0.0509381774636318 4.54563205857134 1.49342976396503
6.85749405043267 0.0300768651981325 4.38579790407608 1.67412523072578
7.60369711010247 0.0163005727555911 4.17143700297944 1.90226242426497
8.6301813685322 0.00843532937635068 3.88407553351539 2.19748913710826
10.0144640351753 0.00464415388704678 3.52229099449335 2.56306485161961
11.7078741943287 0.0027612971697941 3.12350688692329 2.96373181590691
13.6400395136619 0.00166809610235691 2.72300201567806 3.36532988821959
15.7826394050554 0.00098724566304509 2.33866491017503 3.75034784416193
18.1440235165281 0.000567967319862155 1.97778231037035 4.11164972230979
20.7586887290753 0.000319632091453933 1.64308590339314 4.44659446451541
23.6819045711147 0.000178036818856833 1.33593001496806 4.75389194821309
26.9894550777963 9.95474011376337E-05 1.05765183526815 5.03224861733071
30.7822033650144 5.67743789383287E-05 0.809964970862792 5.27997825475827
35.1962045804218 3.36200746769412E-05 0.594867653752119 5.49509872617321
40.4208090457262 2.10611111845398E-05 0.414302389937874 5.67567654895094
46.7302457648658 1.42025493442316E-05 0.269664938637316 5.82032085881334
54.5401646073123 1.04445091516942E-05 0.161193441293966 5.92879611419689
64.5130790967598 8.41860121012145E-06 0.0872660997611047 6.00272548163769
77.7618635252966 7.39642614566241E-06 0.0437586419544263 6.04623396161943
96.235880446785 6.97222133322272E-06 0.0241133004821138 6.06587972729656
