0 80 10 0
0.01 79.92011996 9.97998004 0.0999
0.0704345826213087 79.4424625661452 9.85816109062179 0.699376343233036
0.25624379208216 78.0281507394781 9.47571996034082 2.49612930018104
0.629819640423518 75.4262732997327 8.68297747264182 5.89074922762543
1.20455326397969 72.0152964181605 7.45596093909487 10.5287426427447
1.9547459112167 68.5108456542867 5.95414229980993 15.5350120459033
2.84921099171439 65.4594422506073 4.4298004963788 20.1107572530139
3.87752326072877 63.0630236249618 3.07997303925945 23.8570033357788
5.05996520809387 61.3005747953579 1.9958452492317 26.7035799554104
6.45094014445332 60.0740719364451 1.19338277394019 28.7325452896147
8.14821523341721 59.277703886808 0.650544486066004 30.071751627126
